s_d_bin lambda_cond_mean
-15.0 124351.35387530543
-14.696969696969697 124433.90069932333
-14.393939393939394 122771.1146179967
-14.09090909090909 126965.95608885963
-13.787878787878787 119078.29045456063
-13.484848484848484 123796.26847324688
-13.181818181818182 125631.79578230716
-12.878787878787879 120553.97877472297
-12.575757575757576 123237.53851100574
-12.272727272727273 124301.97594401774
-11.969696969696969 121145.72612241807
-11.666666666666666 122868.96186263583
-11.363636363636363 122214.83297771902
-11.06060606060606 124734.43251602442
-10.757575757575758 121737.6217108307
-10.454545454545453 119284.68312140822
-10.151515151515152 121151.5912100621
-9.848484848484848 122471.4147795145
-9.545454545454545 122433.41642930769
-9.242424242424242 120250.33371246759
-8.93939393939394 119527.46100122046
-8.636363636363637 121895.13213649174
-8.333333333333332 121830.24370743432
-8.030303030303031 120036.72919507769
-7.727272727272727 119797.38812993816
-7.424242424242424 119647.51139425204
-7.121212121212121 122271.30855973602
-6.818181818181818 117982.69422957963
-6.515151515151516 119028.94175522511
-6.212121212121211 118742.53230451226
-5.909090909090908 118573.91078085247
-5.6060606060606055 119807.27998930674
-5.303030303030303 117375.35937917948
-5.0 117974.5501966753
-4.696969696969697 118230.15605906762
-4.3939393939393945 116273.34466136934
-4.09090909090909 116906.69764674692
-3.787878787878787 115735.51388640082
-3.4848484848484844 115554.48295210493
-3.1818181818181817 115010.19321898506
-2.878787878787879 115557.78581665736
-2.575757575757576 114341.65840730973
-2.2727272727272716 114492.0613957959
-1.9696969696969688 112470.68530181784
-1.666666666666666 112882.03932654731
-1.3636363636363633 113556.840859925
-1.0606060606060606 111993.4330640122
-0.7575757575757578 111344.70316908654
-0.45454545454545325 111952.95889169346
-0.1515151515151505 111293.64157408723
0.15151515151515227 110415.08054574214
0.45454545454545503 109052.60122154685
0.7575757575757578 108852.60367942283
1.0606060606060623 108770.65416033435
1.3636363636363633 109278.26218458253
1.6666666666666679 110047.13744645916
1.9696969696969688 109821.40877115329
2.2727272727272734 110681.56581107572
2.575757575757578 111675.35428301836
2.878787878787879 113098.19770238067
3.1818181818181834 114263.43410884604
3.4848484848484844 114915.27236321138
3.787878787878789 116606.09483614017
4.09090909090909 117445.86057606374
4.3939393939393945 119220.46196660156
4.696969696969699 120071.42809413414
5.0 122090.02132728009
5.3030303030303045 123433.15769525438
5.6060606060606055 123555.8204253108
5.90909090909091 124432.57669779418
6.212121212121211 126271.67642862647
6.515151515151516 127126.18811805421
6.81818181818182 126871.699366335
7.121212121212121 127078.52152457276
7.424242424242426 129122.45328108218
7.727272727272727 129709.75964125997
8.030303030303031 130849.95753010342
8.333333333333336 131373.07208365735
8.636363636363637 131700.1114445557
8.939393939393941 133706.20138637407
9.242424242424242 132615.36179697682
9.545454545454547 133823.9744707221
9.848484848484848 132117.67849905964
10.151515151515152 136121.24437371112
10.454545454545457 133939.35164196187
10.757575757575758 136015.1191237851
11.060606060606062 134627.29027941104
11.363636363636363 134765.81421290405
11.666666666666668 135940.1343149021
11.969696969696969 136369.59068700034
12.272727272727273 135633.30881873617
12.575757575757578 134030.46281007468
12.878787878787879 136372.3086937052
13.181818181818183 134062.6547851326
13.484848484848484 137355.4857731044
13.787878787878789 138973.74101942475
14.090909090909093 134555.90483068826
14.393939393939394 138552.59069143102
14.696969696969699 138578.96169533595
15.0 136726.42728044806

-15.0 128925.09855429301
-14.696969696969697 130613.57564393831
-14.393939393939394 127333.3771993616
-14.09090909090909 125258.97585662534
-13.787878787878787 124439.08225208939
-13.484848484848484 124384.31318556906
-13.181818181818182 126952.77105111086
-12.878787878787879 125776.85725383926
-12.575757575757576 126781.27908047514
-12.272727272727273 127144.6364830397
-11.969696969696969 128013.98242830014
-11.666666666666666 126484.61719187732
-11.363636363636363 127615.66232403158
-11.06060606060606 125630.29365889837
-10.757575757575758 127958.89406678718
-10.454545454545453 127711.03401741553
-10.151515151515152 126458.58338862745
-9.848484848484848 126869.15134771718
-9.545454545454545 127036.52032135513
-9.242424242424242 125849.77889813266
-8.93939393939394 128445.6345821451
-8.636363636363637 126564.78546170956
-8.333333333333332 126678.91133752608
-8.030303030303031 126512.71114416549
-7.727272727272727 127016.55775589672
-7.424242424242424 125142.4407367546
-7.121212121212121 127248.01395655921
-6.818181818181818 126378.59231582392
-6.515151515151516 125718.92358095222
-6.212121212121211 125093.42804199332
-5.909090909090908 123232.79999392903
-5.6060606060606055 124293.6599852059
-5.303030303030303 122590.64471112842
-5.0 123291.45117220076
-4.696969696969697 122672.58446649007
-4.3939393939393945 122460.22190620133
-4.09090909090909 122332.3888173314
-3.787878787878787 122278.24818851573
-3.4848484848484844 121846.87080784605
-3.1818181818181817 120872.31115495195
-2.878787878787879 121060.27771789508
-2.575757575757576 119469.74309495551
-2.2727272727272716 119942.62023457892
-1.9696969696969688 118805.45471844282
-1.666666666666666 119924.68310142674
-1.3636363636363633 119560.98488716716
-1.0606060606060606 119333.64581034567
-0.7575757575757578 119316.31306418519
-0.45454545454545325 119422.65330388972
-0.1515151515151505 119318.51010295734
0.15151515151515227 120657.11152120851
0.45454545454545503 120548.71928044996
0.7575757575757578 120985.82555797273
1.0606060606060623 120940.51274903736
1.3636363636363633 121405.04151359676
1.6666666666666679 121454.50931889913
1.9696969696969688 121749.5517084196
2.2727272727272734 122103.61640072877
2.575757575757578 122682.96916365347
2.878787878787879 123396.36108737128
3.1818181818181834 123830.61687103072
3.4848484848484844 123644.561800688
3.787878787878789 124877.55765562206
4.09090909090909 125959.57340889671
4.3939393939393945 126391.74929299894
4.696969696969699 127242.55875032286
5.0 128435.41038539768
5.3030303030303045 128495.80943341114
5.6060606060606055 128916.07406257067
5.90909090909091 130147.16983781585
6.212121212121211 130195.7467412478
6.515151515151516 131609.6255045881
6.81818181818182 130850.05519713035
7.121212121212121 131452.86270190423
7.424242424242426 132515.10508564764
7.727272727272727 134530.1963151797
8.030303030303031 133526.03782198278
8.333333333333336 135708.53832084063
8.636363636363637 134928.75201755404
8.939393939393941 135501.04646831763
9.242424242424242 134933.9088734769
9.545454545454547 136260.06416958148
9.848484848484848 136081.7681562967
10.151515151515152 136733.6939986506
10.454545454545457 137620.23208121632
10.757575757575758 135374.6965351979
11.060606060606062 135708.4376168019
11.363636363636363 136826.71270038362
11.666666666666668 139589.9037301145
11.969696969696969 138952.5015942347
12.272727272727273 140027.62739274534
12.575757575757578 136222.15907955685
12.878787878787879 136481.31798122026
13.181818181818183 137938.11462497647
13.484848484848484 136824.6852175183
13.787878787878789 140668.88726504814
14.090909090909093 136965.2115406477
14.393939393939394 138888.58184788495
14.696969696969699 138920.62347771184
15.0 139072.32488501846

-15.0 114838.08365234504
-14.696969696969697 116436.51931132059
-14.393939393939394 120348.95844120081
-14.09090909090909 116060.443459226
-13.787878787878787 117398.14545173687
-13.484848484848484 120241.95505304201
-13.181818181818182 114988.90386703123
-12.878787878787879 118530.22182061394
-12.575757575757576 115508.50619159765
-12.272727272727273 117588.69469272411
-11.969696969696969 121166.1366248218
-11.666666666666666 116513.49329568975
-11.363636363636363 115004.92552917756
-11.06060606060606 117957.48951069267
-10.757575757575758 116357.10391586984
-10.454545454545453 116547.5067739684
-10.151515151515152 117932.41296075053
-9.848484848484848 117575.31438954972
-9.545454545454545 115766.2968254947
-9.242424242424242 116127.27119537367
-8.93939393939394 120174.2713251996
-8.636363636363637 115986.15631703188
-8.333333333333332 115775.39033828516
-8.030303030303031 117063.92064389201
-7.727272727272727 117121.74467683108
-7.424242424242424 116815.77102500854
-7.121212121212121 116433.57123708895
-6.818181818181818 118271.30959372045
-6.515151515151516 115400.41041420192
-6.212121212121211 116247.30565922661
-5.909090909090908 116448.23822874282
-5.6060606060606055 115483.46321255845
-5.303030303030303 115438.82351013926
-5.0 116530.67641525649
-4.696969696969697 114107.74460926632
-4.3939393939393945 115041.42389434452
-4.09090909090909 114022.32090995938
-3.787878787878787 115001.52708450983
-3.4848484848484844 113729.47807901503
-3.1818181818181817 113487.6811324665
-2.878787878787879 114405.96645522187
-2.575757575757576 114733.38446227074
-2.2727272727272716 113700.33081222915
-1.9696969696969688 114150.82264211602
-1.666666666666666 114578.00535278942
-1.3636363636363633 114858.29099831662
-1.0606060606060606 115895.60128308441
-0.7575757575757578 115957.4587126668
-0.45454545454545325 115159.77533024852
-0.1515151515151505 116301.67036353119
0.15151515151515227 117260.90800737472
0.45454545454545503 117614.29645527602
0.7575757575757578 116841.17302729168
1.0606060606060623 118688.69155895434
1.3636363636363633 118127.22241522951
1.6666666666666679 118199.09091336495
1.9696969696969688 119718.14643011791
2.2727272727272734 118426.64354521713
2.575757575757578 118666.3006496672
2.878787878787879 118304.74925193789
3.1818181818181834 118575.07322562567
3.4848484848484844 118455.97127532607
3.787878787878789 119582.12641993069
4.09090909090909 118800.52341288642
4.3939393939393945 118738.81406965258
4.696969696969699 119300.68209859032
5.0 118547.67403026138
5.3030303030303045 119468.16642307925
5.6060606060606055 119731.4868429518
5.90909090909091 120027.38136311225
6.212121212121211 120047.21241808201
6.515151515151516 119749.3341835191
6.81818181818182 120195.62606760437
7.121212121212121 122833.02397499292
7.424242424242426 121285.58292311066
7.727272727272727 121107.72536869481
8.030303030303031 123275.66243571894
8.333333333333336 123651.03839296954
8.636363636363637 124654.8820549836
8.939393939393941 124588.29757275184
9.242424242424242 125803.82372173177
9.545454545454547 126117.68190273343
9.848484848484848 126444.77695293557
10.151515151515152 127861.7056140777
10.454545454545457 126263.28378251224
10.757575757575758 127390.35609317955
11.060606060606062 127780.87794715597
11.363636363636363 131059.97923445088
11.666666666666668 129006.88078178347
11.969696969696969 129360.50167400467
12.272727272727273 129540.8302689936
12.575757575757578 131764.61922096036
12.878787878787879 130343.84706406505
13.181818181818183 133653.72829381886
13.484848484848484 132029.25208013214
13.787878787878789 132662.413407781
14.090909090909093 134934.64331918108
14.393939393939394 132353.1129492949
14.696969696969699 131048.12043121095
15.0 132008.94836321627

-15.0 118295.7887061146
-14.696969696969697 122653.00539075171
-14.393939393939394 120659.49675916071
-14.09090909090909 121153.46552150497
-13.787878787878787 118719.56440093191
-13.484848484848484 113610.05051794852
-13.181818181818182 118046.47463473976
-12.878787878787879 112229.2049764234
-12.575757575757576 116003.34554971225
-12.272727272727273 116661.29062684235
-11.969696969696969 115550.9309683191
-11.666666666666666 120055.98712965976
-11.363636363636363 113131.46452240537
-11.06060606060606 112688.24523733894
-10.757575757575758 113555.92989671897
-10.454545454545453 114396.1985153056
-10.151515151515152 112181.91109999383
-9.848484848484848 113387.36582566067
-9.545454545454545 110567.25238628442
-9.242424242424242 111768.37925367319
-8.93939393939394 113353.92626981341
-8.636363636363637 111342.5966700288
-8.333333333333332 112739.0099974083
-8.030303030303031 110197.21053988868
-7.727272727272727 110303.59813465322
-7.424242424242424 108816.4415391402
-7.121212121212121 108930.67830988219
-6.818181818181818 109331.62159736265
-6.515151515151516 106477.15598922253
-6.212121212121211 106849.60535745636
-5.909090909090908 106785.6328799518
-5.6060606060606055 106353.40862297482
-5.303030303030303 105880.97507747624
-5.0 106488.65799080534
-4.696969696969697 105779.44747622096
-4.3939393939393945 103236.21615643252
-4.09090909090909 103581.70140516089
-3.787878787878787 102306.82365702496
-3.4848484848484844 103431.02214316087
-3.1818181818181817 103599.03443170285
-2.878787878787879 104594.56475542979
-2.575757575757576 103624.92228765452
-2.2727272727272716 102695.78589925599
-1.9696969696969688 104427.35080593178
-1.666666666666666 103405.88021600278
-1.3636363636363633 104027.785096892
-1.0606060606060606 103613.83960858198
-0.7575757575757578 104693.62021441835
-0.45454545454545325 105104.37452448589
-0.1515151515151505 104920.27293890949
0.15151515151515227 104999.93726268559
0.45454545454545503 105826.68695213
0.7575757575757578 106853.979315904
1.0606060606060623 107924.35616138199
1.3636363636363633 106793.042651996
1.6666666666666679 106412.39651133388
1.9696969696969688 108361.1521347646
2.2727272727272734 108291.50281964138
2.575757575757578 108231.82256917286
2.878787878787879 108297.62805490599
3.1818181818181834 107676.7772177726
3.4848484848484844 108850.87927537838
3.787878787878789 106578.93740701312
4.09090909090909 109515.94667199101
4.3939393939393945 108315.45841176498
4.696969696969699 109926.50716214266
5.0 109012.30451946885
5.3030303030303045 110780.07258676841
5.6060606060606055 110772.98150662248
5.90909090909091 111224.48943273179
6.212121212121211 110729.89725905324
6.515151515151516 110395.34743195571
6.81818181818182 110383.53447956673
7.121212121212121 111558.82872146874
7.424242424242426 112338.5579037656
7.727272727272727 112262.9633612318
8.030303030303031 113323.95827705275
8.333333333333336 111839.77280799366
8.636363636363637 113348.79688580499
8.939393939393941 114634.90491185694
9.242424242424242 112615.27445876996
9.545454545454547 114152.71572897396
9.848484848484848 113226.46257054711
10.151515151515152 115298.87948989493
10.454545454545457 113164.63967418557
10.757575757575758 113938.22145471358
11.060606060606062 115284.6622890139
11.363636363636363 113996.45655788766
11.666666666666668 114937.7156069142
11.969696969696969 116598.6324432836
12.272727272727273 115417.90386498558
12.575757575757578 113938.69340628208
12.878787878787879 115516.38552118308
13.181818181818183 117534.28921590968
13.484848484848484 114158.63636725837
13.787878787878789 116443.86553473043
14.090909090909093 117231.10663645345
14.393939393939394 117470.44451640148
14.696969696969699 117364.40670705719
15.0 117201.9592926608

-15.0 107029.2030085342
-14.696969696969697 106705.53430400424
-14.393939393939394 109673.20563890428
-14.09090909090909 111856.8809465359
-13.787878787878787 115651.28186155137
-13.484848484848484 110829.58835031111
-13.181818181818182 111037.71559647867
-12.878787878787879 112779.44444844118
-12.575757575757576 114984.22225592165
-12.272727272727273 116246.63922554375
-11.969696969696969 119052.44141482441
-11.666666666666666 119868.66964776453
-11.363636363636363 119445.36635744876
-11.06060606060606 121203.15485730668
-10.757575757575758 119861.877474865
-10.454545454545453 121994.67763174414
-10.151515151515152 123076.39124796212
-9.848484848484848 123554.48375934124
-9.545454545454545 122076.61644744847
-9.242424242424242 126256.6875586097
-8.93939393939394 124109.16382100144
-8.636363636363637 123920.35296674659
-8.333333333333332 123546.36224360709
-8.030303030303031 121314.18230538948
-7.727272727272727 119526.24851611875
-7.424242424242424 117650.15038217978
-7.121212121212121 115147.67329183908
-6.818181818181818 113582.8506584682
-6.515151515151516 112866.43343733675
-6.212121212121211 109640.47145885054
-5.909090909090908 108257.82625429324
-5.6060606060606055 106159.18250264795
-5.303030303030303 104561.64494273986
-5.0 103515.62864403846
-4.696969696969697 101939.32628359747
-4.3939393939393945 99604.2647603391
-4.09090909090909 98856.31979851755
-3.787878787878787 96863.70860135031
-3.4848484848484844 95596.41413986393
-3.1818181818181817 94653.1858617539
-2.878787878787879 94254.36462847379
-2.575757575757576 93668.32263571817
-2.2727272727272716 93409.8427076191
-1.9696969696969688 92257.99032239501
-1.666666666666666 92576.29203407635
-1.3636363636363633 92301.90241861896
-1.0606060606060606 91962.05345589871
-0.7575757575757578 91376.51449622848
-0.45454545454545325 91658.89689807339
-0.1515151515151505 91396.19030950493
0.15151515151515227 91257.00738403374
0.45454545454545503 91009.15644807133
0.7575757575757578 91070.79234661837
1.0606060606060623 90698.70814359991
1.3636363636363633 90720.1750907606
1.6666666666666679 91049.03361003222
1.9696969696969688 90672.03545437925
2.2727272727272734 90963.1121569755
2.575757575757578 90959.31562898983
2.878787878787879 91306.72340704723
3.1818181818181834 91225.63875370978
3.4848484848484844 90921.63395098284
3.787878787878789 91053.4876746637
4.09090909090909 91176.51248253451
4.3939393939393945 91434.06103708464
4.696969696969699 91363.3754955995
5.0 92731.41913397318
5.3030303030303045 92001.69726242582
5.6060606060606055 91854.6449775473
5.90909090909091 91965.48508349212
6.212121212121211 92195.74662564477
6.515151515151516 92237.87849635023
6.81818181818182 92931.13446191992
7.121212121212121 92925.47277693218
7.424242424242426 93384.7952749158
7.727272727272727 92971.32654171395
8.030303030303031 93234.42859049622
8.333333333333336 93149.15549144057
8.636363636363637 93712.84340895398
8.939393939393941 93825.52073926329
9.242424242424242 93819.13105435489
9.545454545454547 94377.68340136227
9.848484848484848 94835.51742356671
10.151515151515152 94305.68798869419
10.454545454545457 95143.48361486543
10.757575757575758 95471.01273520906
11.060606060606062 95082.37616238247
11.363636363636363 95676.18297071481
11.666666666666668 95858.4424767876
11.969696969696969 96483.14705771522
12.272727272727273 96848.50659493462
12.575757575757578 97269.00025397162
12.878787878787879 97364.95089166955
13.181818181818183 97263.09355044186
13.484848484848484 96495.16581957918
13.787878787878789 97303.29788340845
14.090909090909093 97884.20184063376
14.393939393939394 97977.72537070996
14.696969696969699 98235.82667911766
15.0 98700.12047878603

