lambda_bin lambda_pdf
-989898.9898989899 0.0
-969696.9696969697 0.0
-949494.9494949495 0.0
-929292.9292929294 0.0
-909090.9090909091 0.0
-888888.8888888889 0.0
-868686.8686868687 0.0
-848484.8484848485 0.0
-828282.8282828282 0.0
-808080.808080808 0.0
-787878.7878787878 0.0
-767676.7676767677 0.0
-747474.7474747475 0.0
-727272.7272727273 0.0
-707070.7070707071 0.0
-686868.6868686869 0.0
-666666.6666666667 0.0
-646464.6464646466 0.0
-626262.6262626263 0.0
-606060.6060606061 0.0
-585858.5858585858 0.0
-565656.5656565656 0.0
-545454.5454545454 0.0
-525252.5252525252 0.0
-505050.50505050505 0.0
-484848.48484848486 0.0
-464646.4646464647 0.0
-444444.4444444445 0.0
-424242.42424242425 0.0
-404040.404040404 0.0
-383838.38383838383 0.0
-363636.36363636365 0.0
-343434.34343434346 0.0
-323232.3232323233 0.0
-303030.3030303031 0.0
-282828.28282828286 0.0
-262626.2626262626 0.0
-242424.24242424243 0.0
-222222.22222222225 0.0
-202020.20202020206 0.0
-181818.18181818188 0.0
-161616.16161616164 0.0
-141414.1414141414 0.0
-121212.12121212122 0.0
-101010.10101010103 0.0
-80808.08080808085 0.0
-60606.060606060666 0.0
-40404.040404040425 0.0
-20202.020202020183 0.0
0.0 1.7071965025053677e-09
20202.020202020183 3.872897208540749e-07
40404.04040404037 3.114658076213722e-06
60606.06060606055 8.053740148104846e-06
80808.08080808073 1.0628192473882942e-05
101010.10101010092 9.676145890985782e-06
121212.1212121211 6.952191928631146e-06
141414.14141414128 4.4006648130295515e-06
161616.16161616158 2.670380510204556e-06
181818.18181818188 1.5102185441448675e-06
202020.20202020206 8.695320852760673e-07
222222.22222222225 5.158172289712648e-07
242424.24242424243 3.055881739484608e-07
262626.2626262626 1.8714125470320746e-07
282828.2828282828 1.0763467472938605e-07
303030.303030303 6.292238537805499e-08
323232.32323232316 2.7640324326277384e-08
343434.34343434335 1.430793259242594e-08
363636.36363636353 5.609359936803351e-09
383838.3838383837 3.251802861914986e-09
404040.4040404039 3.0079176472713625e-09
424242.4242424242 1.6259014309574747e-09
444444.4444444445 7.316556439308719e-10
464646.4646464647 0.0
484848.48484848486 0.0
505050.50505050505 0.0
525252.5252525252 0.0
545454.5454545454 0.0
565656.5656565656 0.0
585858.5858585858 0.0
606060.606060606 0.0
626262.6262626261 0.0
646464.6464646463 0.0
666666.6666666665 0.0
686868.6868686868 0.0
707070.7070707071 0.0
727272.7272727273 0.0
747474.7474747475 0.0
767676.7676767677 0.0
787878.7878787878 0.0
808080.808080808 0.0
828282.8282828282 0.0
848484.8484848484 0.0
868686.8686868686 0.0
888888.8888888888 0.0
909090.909090909 0.0
929292.9292929292 0.0
949494.9494949495 0.0
969696.9696969697 0.0
989898.9898989899 0.0

-989898.9898989899 0.0
-969696.9696969697 0.0
-949494.9494949495 0.0
-929292.9292929294 0.0
-909090.9090909091 0.0
-888888.8888888889 0.0
-868686.8686868687 0.0
-848484.8484848485 0.0
-828282.8282828282 0.0
-808080.808080808 0.0
-787878.7878787878 0.0
-767676.7676767677 0.0
-747474.7474747475 0.0
-727272.7272727273 0.0
-707070.7070707071 0.0
-686868.6868686869 0.0
-666666.6666666667 0.0
-646464.6464646466 0.0
-626262.6262626263 0.0
-606060.6060606061 0.0
-585858.5858585858 0.0
-565656.5656565656 0.0
-545454.5454545454 0.0
-525252.5252525252 0.0
-505050.50505050505 0.0
-484848.48484848486 0.0
-464646.4646464647 0.0
-444444.4444444445 0.0
-424242.42424242425 0.0
-404040.404040404 0.0
-383838.38383838383 0.0
-363636.36363636365 0.0
-343434.34343434346 0.0
-323232.3232323233 0.0
-303030.3030303031 0.0
-282828.28282828286 0.0
-262626.2626262626 0.0
-242424.24242424243 0.0
-222222.22222222225 0.0
-202020.20202020206 0.0
-181818.18181818188 0.0
-161616.16161616164 0.0
-141414.1414141414 0.0
-121212.12121212122 0.0
-101010.10101010103 0.0
-80808.08080808085 0.0
-60606.060606060666 0.0
-40404.040404040425 0.0
-20202.020202020183 0.0
0.0 1.882795518836239e-09
20202.020202020183 3.3938907610506137e-07
40404.04040404037 2.9139904774349837e-06
60606.06060606055 7.641963334259707e-06
80808.08080808073 1.035255116032106e-05
101010.10101010092 9.578266687034486e-06
121212.1212121211 7.1325456757358706e-06
141414.14141414128 4.79888136547767e-06
161616.16161616158 3.0278692386548825e-06
181818.18181818188 1.7482363745787652e-06
202020.20202020206 9.56338652890175e-07
222222.22222222225 5.034959629404006e-07
242424.24242424243 2.594613695634972e-07
262626.2626262626 1.2982178779072456e-07
282828.2828282828 5.915622049504829e-08
303030.303030303 3.0185463640697125e-08
323232.32323232316 1.454611376649288e-08
343434.34343434335 7.71338809329685e-09
363636.36363636353 2.9152962872303055e-09
383838.3838383837 5.769857235143314e-10
404040.4040404039 1.822060179518941e-10
424242.4242424242 3.036766965864867e-11
444444.4444444445 0.0
464646.4646464647 0.0
484848.48484848486 0.0
505050.50505050505 0.0
525252.5252525252 0.0
545454.5454545454 0.0
565656.5656565656 0.0
585858.5858585858 0.0
606060.606060606 0.0
626262.6262626261 0.0
646464.6464646463 0.0
666666.6666666665 0.0
686868.6868686868 0.0
707070.7070707071 0.0
727272.7272727273 0.0
747474.7474747475 0.0
767676.7676767677 0.0
787878.7878787878 0.0
808080.808080808 0.0
828282.8282828282 0.0
848484.8484848484 0.0
868686.8686868686 0.0
888888.8888888888 0.0
909090.909090909 0.0
929292.9292929292 0.0
949494.9494949495 0.0
969696.9696969697 0.0
989898.9898989899 0.0

-989898.9898989899 0.0
-969696.9696969697 0.0
-949494.9494949495 0.0
-929292.9292929294 0.0
-909090.9090909091 0.0
-888888.8888888889 0.0
-868686.8686868687 0.0
-848484.8484848485 0.0
-828282.8282828282 0.0
-808080.808080808 0.0
-787878.7878787878 0.0
-767676.7676767677 0.0
-747474.7474747475 0.0
-727272.7272727273 0.0
-707070.7070707071 0.0
-686868.6868686869 0.0
-666666.6666666667 0.0
-646464.6464646466 0.0
-626262.6262626263 0.0
-606060.6060606061 0.0
-585858.5858585858 0.0
-565656.5656565656 0.0
-545454.5454545454 0.0
-525252.5252525252 0.0
-505050.50505050505 0.0
-484848.48484848486 0.0
-464646.4646464647 0.0
-444444.4444444445 0.0
-424242.42424242425 0.0
-404040.404040404 0.0
-383838.38383838383 0.0
-363636.36363636365 0.0
-343434.34343434346 0.0
-323232.3232323233 0.0
-303030.3030303031 0.0
-282828.28282828286 0.0
-262626.2626262626 0.0
-242424.24242424243 0.0
-222222.22222222225 0.0
-202020.20202020206 0.0
-181818.18181818188 0.0
-161616.16161616164 0.0
-141414.1414141414 0.0
-121212.12121212122 0.0
-101010.10101010103 0.0
-80808.08080808085 0.0
-60606.060606060666 0.0
-40404.040404040425 0.0
-20202.020202020183 0.0
0.0 5.9881993911619295e-09
20202.020202020183 3.727186292920867e-07
40404.04040404037 3.221417358406401e-06
60606.06060606055 8.501652519986663e-06
80808.08080808073 1.1334585442891433e-05
101010.10101010092 9.959124112426185e-06
121212.1212121211 6.99931621492117e-06
141414.14141414128 4.314638009755401e-06
161616.16161616158 2.4398637722442542e-06
181818.18181818188 1.2244932098771277e-06
202020.20202020206 6.115448628224121e-07
222222.22222222225 2.842991226569613e-07
242424.24242424243 1.2972872587259398e-07
262626.2626262626 5.819781283285501e-08
282828.2828282828 2.516915056597749e-08
303030.303030303 1.0105086472585757e-08
323232.32323232316 4.35080112014109e-09
343434.34343434335 1.964877925225008e-09
363636.36363636353 7.017421161517886e-10
383838.3838383837 1.4034842323035774e-10
404040.4040404039 0.0
424242.4242424242 0.0
444444.4444444445 0.0
464646.4646464647 0.0
484848.48484848486 0.0
505050.50505050505 0.0
525252.5252525252 0.0
545454.5454545454 0.0
565656.5656565656 0.0
585858.5858585858 0.0
606060.606060606 0.0
626262.6262626261 0.0
646464.6464646463 0.0
666666.6666666665 0.0
686868.6868686868 0.0
707070.7070707071 0.0
727272.7272727273 0.0
747474.7474747475 0.0
767676.7676767677 0.0
787878.7878787878 0.0
808080.808080808 0.0
828282.8282828282 0.0
848484.8484848484 0.0
868686.8686868686 0.0
888888.8888888888 0.0
909090.909090909 0.0
929292.9292929292 0.0
949494.9494949495 0.0
969696.9696969697 0.0
989898.9898989899 0.0

-989898.9898989899 0.0
-969696.9696969697 0.0
-949494.9494949495 0.0
-929292.9292929294 0.0
-909090.9090909091 0.0
-888888.8888888889 0.0
-868686.8686868687 0.0
-848484.8484848485 0.0
-828282.8282828282 0.0
-808080.808080808 0.0
-787878.7878787878 0.0
-767676.7676767677 0.0
-747474.7474747475 0.0
-727272.7272727273 0.0
-707070.7070707071 0.0
-686868.6868686869 0.0
-666666.6666666667 0.0
-646464.6464646466 0.0
-626262.6262626263 0.0
-606060.6060606061 0.0
-585858.5858585858 0.0
-565656.5656565656 0.0
-545454.5454545454 0.0
-525252.5252525252 0.0
-505050.50505050505 0.0
-484848.48484848486 0.0
-464646.4646464647 0.0
-444444.4444444445 0.0
-424242.42424242425 0.0
-404040.404040404 0.0
-383838.38383838383 0.0
-363636.36363636365 0.0
-343434.34343434346 0.0
-323232.3232323233 0.0
-303030.3030303031 0.0
-282828.28282828286 0.0
-262626.2626262626 0.0
-242424.24242424243 0.0
-222222.22222222225 0.0
-202020.20202020206 0.0
-181818.18181818188 0.0
-161616.16161616164 0.0
-141414.1414141414 0.0
-121212.12121212122 0.0
-101010.10101010103 0.0
-80808.08080808085 0.0
-60606.060606060666 0.0
-40404.040404040425 0.0
-20202.020202020183 0.0
0.0 4.028439525317396e-09
20202.020202020183 4.883305783027607e-07
40404.04040404037 4.166923673674735e-06
60606.06060606055 1.0251593830986282e-05
80808.08080808073 1.2358415385330847e-05
101010.10101010092 9.847912800111619e-06
121212.1212121211 6.163041617167722e-06
141414.14141414128 3.3892255757027475e-06
161616.16161616158 1.6229902721349976e-06
181818.18181818188 6.986988293586211e-07
202020.20202020206 3.037548036882182e-07
222222.22222222225 1.255094340420316e-07
242424.24242424243 4.938762223246262e-08
262626.2626262626 1.9409754076529272e-08
282828.2828282828 6.068817986192441e-09
303030.303030303 2.7728220109327533e-09
323232.32323232316 1.5695218929808036e-09
343434.34343434335 3.139043785961607e-10
363636.36363636353 5.231739643269345e-11
383838.3838383837 0.0
404040.4040404039 0.0
424242.4242424242 0.0
444444.4444444445 0.0
464646.4646464647 0.0
484848.48484848486 0.0
505050.50505050505 0.0
525252.5252525252 0.0
545454.5454545454 0.0
565656.5656565656 0.0
585858.5858585858 0.0
606060.606060606 0.0
626262.6262626261 0.0
646464.6464646463 0.0
666666.6666666665 0.0
686868.6868686868 0.0
707070.7070707071 0.0
727272.7272727273 0.0
747474.7474747475 0.0
767676.7676767677 0.0
787878.7878787878 0.0
808080.808080808 0.0
828282.8282828282 0.0
848484.8484848484 0.0
868686.8686868686 0.0
888888.8888888888 0.0
909090.909090909 0.0
929292.9292929292 0.0
949494.9494949495 0.0
969696.9696969697 0.0
989898.9898989899 0.0

-989898.9898989899 0.0
-969696.9696969697 0.0
-949494.9494949495 0.0
-929292.9292929294 0.0
-909090.9090909091 0.0
-888888.8888888889 0.0
-868686.8686868687 0.0
-848484.8484848485 0.0
-828282.8282828282 0.0
-808080.808080808 0.0
-787878.7878787878 0.0
-767676.7676767677 0.0
-747474.7474747475 0.0
-727272.7272727273 0.0
-707070.7070707071 0.0
-686868.6868686869 0.0
-666666.6666666667 0.0
-646464.6464646466 0.0
-626262.6262626263 0.0
-606060.6060606061 0.0
-585858.5858585858 0.0
-565656.5656565656 0.0
-545454.5454545454 0.0
-525252.5252525252 0.0
-505050.50505050505 0.0
-484848.48484848486 0.0
-464646.4646464647 0.0
-444444.4444444445 0.0
-424242.42424242425 0.0
-404040.404040404 0.0
-383838.38383838383 0.0
-363636.36363636365 0.0
-343434.34343434346 0.0
-323232.3232323233 0.0
-303030.3030303031 0.0
-282828.28282828286 0.0
-262626.2626262626 0.0
-242424.24242424243 0.0
-222222.22222222225 0.0
-202020.20202020206 0.0
-181818.18181818188 0.0
-161616.16161616164 0.0
-141414.1414141414 0.0
-121212.12121212122 0.0
-101010.10101010103 0.0
-80808.08080808085 0.0
-60606.060606060666 0.0
-40404.040404040425 0.0
-20202.020202020183 0.0
0.0 4.233630842976669e-09
20202.020202020183 1.2086591480539353e-06
40404.04040404037 7.67355901424812e-06
60606.06060606055 1.372891271743447e-05
80808.08080808073 1.248445573379995e-05
101010.10101010092 7.731264979635055e-06
121212.1212121211 3.879061227190522e-06
141414.14141414128 1.7391731241453353e-06
161616.16161616158 6.87316016997743e-07
181818.18181818188 2.42675601758591e-07
202020.20202020206 8.337462688761789e-08
222222.22222222225 2.6663382787572258e-08
242424.24242424243 8.41873869634902e-09
262626.2626262626 1.8438736049640507e-09
282828.2828282828 3.275301798291406e-10
303030.303030303 6.06537370053964e-11
323232.32323232316 0.0
343434.34343434335 0.0
363636.36363636353 0.0
383838.3838383837 0.0
404040.4040404039 0.0
424242.4242424242 0.0
444444.4444444445 0.0
464646.4646464647 0.0
484848.48484848486 0.0
505050.50505050505 0.0
525252.5252525252 0.0
545454.5454545454 0.0
565656.5656565656 0.0
585858.5858585858 0.0
606060.606060606 0.0
626262.6262626261 0.0
646464.6464646463 0.0
666666.6666666665 0.0
686868.6868686868 0.0
707070.7070707071 0.0
727272.7272727273 0.0
747474.7474747475 0.0
767676.7676767677 0.0
787878.7878787878 0.0
808080.808080808 0.0
828282.8282828282 0.0
848484.8484848484 0.0
868686.8686868686 0.0
888888.8888888888 0.0
909090.909090909 0.0
929292.9292929292 0.0
949494.9494949495 0.0
969696.9696969697 0.0
989898.9898989899 0.0

