lambda_bin lambda_pdf
-994974.8743718592 0.0
-984924.623115578 0.0
-974874.3718592965 0.0
-964824.1206030152 0.0
-954773.8693467337 0.0
-944723.6180904522 0.0
-934673.3668341709 0.0
-924623.1155778894 0.0
-914572.8643216081 0.0
-904522.6130653266 0.0
-894472.3618090453 0.0
-884422.1105527638 0.0
-874371.8592964825 0.0
-864321.608040201 0.0
-854271.3567839195 0.0
-844221.1055276382 0.0
-834170.8542713567 0.0
-824120.6030150754 0.0
-814070.3517587939 0.0
-804020.1005025127 0.0
-793969.8492462311 0.0
-783919.5979899499 0.0
-773869.3467336684 0.0
-763819.095477387 0.0
-753768.8442211056 0.0
-743718.592964824 0.0
-733668.3417085428 0.0
-723618.0904522613 0.0
-713567.83919598 0.0
-703517.5879396985 0.0
-693467.3366834171 0.0
-683417.0854271357 0.0
-673366.8341708543 0.0
-663316.5829145729 0.0
-653266.3316582914 0.0
-643216.0804020101 0.0
-633165.8291457286 0.0
-623115.5778894473 0.0
-613065.3266331658 0.0
-603015.0753768844 0.0
-592964.824120603 0.0
-582914.5728643216 0.0
-572864.3216080402 0.0
-562814.0703517587 0.0
-552763.8190954775 0.0
-542713.567839196 0.0
-532663.3165829147 0.0
-522613.0653266332 0.0
-512562.8140703518 0.0
-502512.5628140704 0.0
-492462.311557789 0.0
-482412.0603015076 0.0
-472361.8090452262 0.0
-462311.55778894474 0.0
-452261.30653266335 0.0
-442211.05527638196 0.0
-432160.80402010056 0.0
-422110.55276381917 0.0
-412060.3015075378 0.0
-402010.0502512563 0.0
-391959.7989949749 0.0
-381909.5477386935 0.0
-371859.2964824121 0.0
-361809.0452261307 0.0
-351758.7939698493 0.0
-341708.5427135679 0.0
-331658.2914572865 0.0
-321608.0402010051 0.0
-311557.78894472367 0.0
-301507.5376884422 0.0
-291457.2864321608 0.0
-281407.0351758794 0.0
-271356.78391959803 0.0
-261306.53266331664 0.0
-251256.28140703525 0.0
-241206.03015075385 0.0
-231155.77889447246 0.0
-221105.527638191 0.0
-211055.27638190956 0.0
-201005.02512562816 0.0
-190954.77386934677 0.0
-180904.52261306538 0.0
-170854.27135678398 0.0
-160804.0201005026 0.0
-150753.7688442212 0.0
-140703.5175879398 0.0
-130653.26633165835 0.0
-120603.0150753769 0.0
-110552.7638190955 0.0
-100502.51256281411 1.4836098389425981e-10
-90452.26130653272 8.159854114184291e-10
-80402.01005025132 2.447956234255287e-09
-70351.75879396993 7.78895165444864e-09
-60301.507537688536 3.189761153726586e-08
-50251.25628140714 1.1357033317105589e-07
-40201.00502512575 3.5881103954826736e-07
-30150.753768844297 1.1679718457075469e-06
-20100.502512562845 3.5560644229615133e-06
-10050.251256281452 8.626746130499526e-06
-5.820766091346741e-11 1.4765256019616474e-05
10050.251256281335 1.802734315299151e-05
20100.50251256273 1.702063969677701e-05
30150.753768844123 1.3569243947952898e-05
40201.005025125516 9.184583429941944e-06
50251.25628140691 5.6664252383654125e-06
60301.50753768836 3.27061788994892e-06
70351.75879396976 1.854289757202428e-06
80402.01005025115 1.0216879155878085e-06
90452.26130653254 5.908476183588965e-07
100502.51256281394 3.1949537881628484e-07
110552.76381909545 1.692798826233485e-07
120603.01507537684 7.944730687537706e-08
130653.26633165823 4.502755861190734e-08
140703.51758793963 2.9301294319116655e-08
150753.76884422102 1.3945932486060263e-08
160804.0201005024 4.8217319765635e-09
170854.2713567838 1.261068363101194e-09
180904.5226130652 2.225414758413923e-10
190954.7738693466 0.0
201005.0251256281 0.0
211055.2763819095 0.0
221105.5276381909 0.0
231155.77889447229 0.0
241206.03015075368 0.0
251256.28140703507 0.0
261306.53266331647 0.0
271356.78391959786 0.0
281407.03517587925 0.0
291457.28643216076 0.0
301507.53768844216 0.0
311557.78894472355 0.0
321608.04020100494 0.0
331658.29145728634 0.0
341708.54271356773 0.0
351758.7939698491 0.0
361809.0452261305 0.0
371859.2964824119 0.0
381909.5477386934 0.0
391959.7989949748 0.0
402010.0502512562 0.0
412060.3015075376 0.0
422110.552763819 0.0
432160.8040201004 0.0
442211.0552763818 0.0
452261.3065326632 0.0
462311.55778894457 0.0
472361.8090452261 0.0
482412.0603015075 0.0
492462.31155778887 0.0
502512.56281407026 0.0
512562.81407035165 0.0
522613.06532663305 0.0
532663.3165829144 0.0
542713.5678391958 0.0
552763.8190954772 0.0
562814.0703517587 0.0
572864.3216080401 0.0
582914.5728643215 0.0
592964.8241206029 0.0
603015.0753768843 0.0
613065.3266331657 0.0
623115.5778894471 0.0
633165.8291457285 0.0
643216.0804020099 0.0
653266.3316582914 0.0
663316.5829145728 0.0
673366.8341708542 0.0
683417.0854271356 0.0
693467.336683417 0.0
703517.5879396984 0.0
713567.8391959798 0.0
723618.0904522612 0.0
733668.3417085425 0.0
743718.592964824 0.0
753768.8442211054 0.0
763819.0954773868 0.0
773869.3467336682 0.0
783919.5979899496 0.0
793969.849246231 0.0
804020.1005025124 0.0
814070.3517587938 0.0
824120.6030150752 0.0
834170.8542713567 0.0
844221.1055276381 0.0
854271.3567839195 0.0
864321.6080402009 0.0
874371.8592964823 0.0
884422.1105527637 0.0
894472.3618090451 0.0
904522.6130653265 0.0
914572.8643216079 0.0
924623.1155778893 0.0
934673.3668341707 0.0
944723.6180904522 0.0
954773.8693467336 0.0
964824.120603015 0.0
974874.3718592963 0.0
984924.6231155777 0.0
994974.8743718592 0.0

-994974.8743718592 0.0
-984924.623115578 0.0
-974874.3718592965 0.0
-964824.1206030152 0.0
-954773.8693467337 0.0
-944723.6180904522 0.0
-934673.3668341709 0.0
-924623.1155778894 0.0
-914572.8643216081 0.0
-904522.6130653266 0.0
-894472.3618090453 0.0
-884422.1105527638 0.0
-874371.8592964825 0.0
-864321.608040201 0.0
-854271.3567839195 0.0
-844221.1055276382 0.0
-834170.8542713567 0.0
-824120.6030150754 0.0
-814070.3517587939 0.0
-804020.1005025127 0.0
-793969.8492462311 0.0
-783919.5979899499 0.0
-773869.3467336684 0.0
-763819.095477387 0.0
-753768.8442211056 0.0
-743718.592964824 0.0
-733668.3417085428 0.0
-723618.0904522613 0.0
-713567.83919598 0.0
-703517.5879396985 0.0
-693467.3366834171 0.0
-683417.0854271357 0.0
-673366.8341708543 0.0
-663316.5829145729 0.0
-653266.3316582914 0.0
-643216.0804020101 0.0
-633165.8291457286 0.0
-623115.5778894473 0.0
-613065.3266331658 0.0
-603015.0753768844 0.0
-592964.824120603 0.0
-582914.5728643216 0.0
-572864.3216080402 0.0
-562814.0703517587 0.0
-552763.8190954775 0.0
-542713.567839196 0.0
-532663.3165829147 0.0
-522613.0653266332 0.0
-512562.8140703518 0.0
-502512.5628140704 0.0
-492462.311557789 0.0
-482412.0603015076 0.0
-472361.8090452262 0.0
-462311.55778894474 0.0
-452261.30653266335 0.0
-442211.05527638196 0.0
-432160.80402010056 0.0
-422110.55276381917 0.0
-412060.3015075378 0.0
-402010.0502512563 0.0
-391959.7989949749 0.0
-381909.5477386935 0.0
-371859.2964824121 0.0
-361809.0452261307 0.0
-351758.7939698493 0.0
-341708.5427135679 0.0
-331658.2914572865 0.0
-321608.0402010051 0.0
-311557.78894472367 0.0
-301507.5376884422 0.0
-291457.2864321608 0.0
-281407.0351758794 0.0
-271356.78391959803 0.0
-261306.53266331664 0.0
-251256.28140703525 0.0
-241206.03015075385 0.0
-231155.77889447246 0.0
-221105.527638191 0.0
-211055.27638190956 0.0
-201005.02512562816 0.0
-190954.77386934677 0.0
-180904.52261306538 0.0
-170854.27135678398 0.0
-160804.0201005026 0.0
-150753.7688442212 0.0
-140703.5175879398 0.0
-130653.26633165835 0.0
-120603.0150753769 0.0
-110552.7638190955 2.353597929779995e-10
-100502.51256281411 4.70719585955999e-10
-90452.26130653272 1.7651984473349963e-09
-80402.01005025132 6.119354617427986e-09
-70351.75879396993 1.5886786026014966e-08
-60301.507537688536 6.189962555321388e-08
-50251.25628140714 2.206498059168745e-07
-40201.00502512575 6.417084755545156e-07
-30150.753768844297 1.736366872695171e-06
-20100.502512562845 4.0054706367960846e-06
-10050.251256281452 7.962810195928167e-06
-5.820766091346741e-11 1.3058349713901857e-05
10050.251256281335 1.6751615585312626e-05
20100.50251256273 1.688494690803466e-05
30150.753768844123 1.4055451476853153e-05
40201.005025125516 1.0079989213661764e-05
50251.25628140691 6.452388724491856e-06
60301.50753768836 3.73268863673454e-06
70351.75879396976 1.999381441348129e-06
80402.01005025115 9.813326568217576e-07
90452.26130653254 4.901367688766896e-07
100502.51256281394 2.315940362903488e-07
110552.76381909545 8.873064195270478e-08
120603.01507537684 2.9184614329272275e-08
130653.26633165823 8.119912857740889e-09
140703.51758793963 2.0005582403130188e-09
150753.76884422102 5.883994824449919e-10
160804.0201005024 1.176798964890011e-10
170854.2713567838 0.0
180904.5226130652 0.0
190954.7738693466 0.0
201005.0251256281 0.0
211055.2763819095 0.0
221105.5276381909 0.0
231155.77889447229 0.0
241206.03015075368 0.0
251256.28140703507 0.0
261306.53266331647 0.0
271356.78391959786 0.0
281407.03517587925 0.0
291457.28643216076 0.0
301507.53768844216 0.0
311557.78894472355 0.0
321608.04020100494 0.0
331658.29145728634 0.0
341708.54271356773 0.0
351758.7939698491 0.0
361809.0452261305 0.0
371859.2964824119 0.0
381909.5477386934 0.0
391959.7989949748 0.0
402010.0502512562 0.0
412060.3015075376 0.0
422110.552763819 0.0
432160.8040201004 0.0
442211.0552763818 0.0
452261.3065326632 0.0
462311.55778894457 0.0
472361.8090452261 0.0
482412.0603015075 0.0
492462.31155778887 0.0
502512.56281407026 0.0
512562.81407035165 0.0
522613.06532663305 0.0
532663.3165829144 0.0
542713.5678391958 0.0
552763.8190954772 0.0
562814.0703517587 0.0
572864.3216080401 0.0
582914.5728643215 0.0
592964.8241206029 0.0
603015.0753768843 0.0
613065.3266331657 0.0
623115.5778894471 0.0
633165.8291457285 0.0
643216.0804020099 0.0
653266.3316582914 0.0
663316.5829145728 0.0
673366.8341708542 0.0
683417.0854271356 0.0
693467.336683417 0.0
703517.5879396984 0.0
713567.8391959798 0.0
723618.0904522612 0.0
733668.3417085425 0.0
743718.592964824 0.0
753768.8442211054 0.0
763819.0954773868 0.0
773869.3467336682 0.0
783919.5979899496 0.0
793969.849246231 0.0
804020.1005025124 0.0
814070.3517587938 0.0
824120.6030150752 0.0
834170.8542713567 0.0
844221.1055276381 0.0
854271.3567839195 0.0
864321.6080402009 0.0
874371.8592964823 0.0
884422.1105527637 0.0
894472.3618090451 0.0
904522.6130653265 0.0
914572.8643216079 0.0
924623.1155778893 0.0
934673.3668341707 0.0
944723.6180904522 0.0
954773.8693467336 0.0
964824.120603015 0.0
974874.3718592963 0.0
984924.6231155777 0.0
994974.8743718592 0.0

-994974.8743718592 0.0
-984924.623115578 0.0
-974874.3718592965 0.0
-964824.1206030152 0.0
-954773.8693467337 0.0
-944723.6180904522 0.0
-934673.3668341709 0.0
-924623.1155778894 0.0
-914572.8643216081 0.0
-904522.6130653266 0.0
-894472.3618090453 0.0
-884422.1105527638 0.0
-874371.8592964825 0.0
-864321.608040201 0.0
-854271.3567839195 0.0
-844221.1055276382 0.0
-834170.8542713567 0.0
-824120.6030150754 0.0
-814070.3517587939 0.0
-804020.1005025127 0.0
-793969.8492462311 0.0
-783919.5979899499 0.0
-773869.3467336684 0.0
-763819.095477387 0.0
-753768.8442211056 0.0
-743718.592964824 0.0
-733668.3417085428 0.0
-723618.0904522613 0.0
-713567.83919598 0.0
-703517.5879396985 0.0
-693467.3366834171 0.0
-683417.0854271357 0.0
-673366.8341708543 0.0
-663316.5829145729 0.0
-653266.3316582914 0.0
-643216.0804020101 0.0
-633165.8291457286 0.0
-623115.5778894473 0.0
-613065.3266331658 0.0
-603015.0753768844 0.0
-592964.824120603 0.0
-582914.5728643216 0.0
-572864.3216080402 0.0
-562814.0703517587 0.0
-552763.8190954775 0.0
-542713.567839196 0.0
-532663.3165829147 0.0
-522613.0653266332 0.0
-512562.8140703518 0.0
-502512.5628140704 0.0
-492462.311557789 0.0
-482412.0603015076 0.0
-472361.8090452262 0.0
-462311.55778894474 0.0
-452261.30653266335 0.0
-442211.05527638196 0.0
-432160.80402010056 0.0
-422110.55276381917 0.0
-412060.3015075378 0.0
-402010.0502512563 0.0
-391959.7989949749 0.0
-381909.5477386935 0.0
-371859.2964824121 0.0
-361809.0452261307 0.0
-351758.7939698493 0.0
-341708.5427135679 0.0
-331658.2914572865 0.0
-321608.0402010051 0.0
-311557.78894472367 0.0
-301507.5376884422 0.0
-291457.2864321608 0.0
-281407.0351758794 0.0
-271356.78391959803 0.0
-261306.53266331664 0.0
-251256.28140703525 0.0
-241206.03015075385 0.0
-231155.77889447246 0.0
-221105.527638191 0.0
-211055.27638190956 0.0
-201005.02512562816 0.0
-190954.77386934677 0.0
-180904.52261306538 0.0
-170854.27135678398 0.0
-160804.0201005026 0.0
-150753.7688442212 0.0
-140703.5175879398 0.0
-130653.26633165835 0.0
-120603.0150753769 0.0
-110552.7638190955 0.0
-100502.51256281411 0.0
-90452.26130653272 9.42890228624822e-10
-80402.01005025132 2.262936548699573e-09
-70351.75879396993 1.3011885155022543e-08
-60301.507537688536 3.997854569369245e-08
-50251.25628140714 1.5406826335729592e-07
-40201.00502512575 5.063320527715294e-07
-30150.753768844297 1.4331931475097126e-06
-20100.502512562845 3.5833600248657732e-06
-10050.251256281452 7.661548841713854e-06
-5.820766091346741e-11 1.2989821523672722e-05
10050.251256281335 1.7642796223890492e-05
20100.50251256273 1.8901743257150356e-05
30150.753768844123 1.539155151402587e-05
40201.005025125516 1.0282029365107958e-05
50251.25628140691 5.662055822892056e-06
60301.50753768836 2.9380459523949112e-06
70351.75879396976 1.331361002818264e-06
80402.01005025115 6.004324975882797e-07
90452.26130653254 2.4741439599115616e-07
100502.51256281394 7.580837438143481e-08
110552.76381909545 2.3572255715620275e-08
120603.01507537684 9.994636423423228e-09
130653.26633165823 5.280185280298942e-09
140703.51758793963 1.8857804572496655e-09
150753.76884422102 9.42890228624811e-10
160804.0201005024 5.657341371748997e-10
170854.2713567838 0.0
180904.5226130652 0.0
190954.7738693466 0.0
201005.0251256281 0.0
211055.2763819095 0.0
221105.5276381909 0.0
231155.77889447229 0.0
241206.03015075368 0.0
251256.28140703507 0.0
261306.53266331647 0.0
271356.78391959786 0.0
281407.03517587925 0.0
291457.28643216076 0.0
301507.53768844216 0.0
311557.78894472355 0.0
321608.04020100494 0.0
331658.29145728634 0.0
341708.54271356773 0.0
351758.7939698491 0.0
361809.0452261305 0.0
371859.2964824119 0.0
381909.5477386934 0.0
391959.7989949748 0.0
402010.0502512562 0.0
412060.3015075376 0.0
422110.552763819 0.0
432160.8040201004 0.0
442211.0552763818 0.0
452261.3065326632 0.0
462311.55778894457 0.0
472361.8090452261 0.0
482412.0603015075 0.0
492462.31155778887 0.0
502512.56281407026 0.0
512562.81407035165 0.0
522613.06532663305 0.0
532663.3165829144 0.0
542713.5678391958 0.0
552763.8190954772 0.0
562814.0703517587 0.0
572864.3216080401 0.0
582914.5728643215 0.0
592964.8241206029 0.0
603015.0753768843 0.0
613065.3266331657 0.0
623115.5778894471 0.0
633165.8291457285 0.0
643216.0804020099 0.0
653266.3316582914 0.0
663316.5829145728 0.0
673366.8341708542 0.0
683417.0854271356 0.0
693467.336683417 0.0
703517.5879396984 0.0
713567.8391959798 0.0
723618.0904522612 0.0
733668.3417085425 0.0
743718.592964824 0.0
753768.8442211054 0.0
763819.0954773868 0.0
773869.3467336682 0.0
783919.5979899496 0.0
793969.849246231 0.0
804020.1005025124 0.0
814070.3517587938 0.0
824120.6030150752 0.0
834170.8542713567 0.0
844221.1055276381 0.0
854271.3567839195 0.0
864321.6080402009 0.0
874371.8592964823 0.0
884422.1105527637 0.0
894472.3618090451 0.0
904522.6130653265 0.0
914572.8643216079 0.0
924623.1155778893 0.0
934673.3668341707 0.0
944723.6180904522 0.0
954773.8693467336 0.0
964824.120603015 0.0
974874.3718592963 0.0
984924.6231155777 0.0
994974.8743718592 0.0

-994974.8743718592 0.0
-984924.623115578 0.0
-974874.3718592965 0.0
-964824.1206030152 0.0
-954773.8693467337 0.0
-944723.6180904522 0.0
-934673.3668341709 0.0
-924623.1155778894 0.0
-914572.8643216081 0.0
-904522.6130653266 0.0
-894472.3618090453 0.0
-884422.1105527638 0.0
-874371.8592964825 0.0
-864321.608040201 0.0
-854271.3567839195 0.0
-844221.1055276382 0.0
-834170.8542713567 0.0
-824120.6030150754 0.0
-814070.3517587939 0.0
-804020.1005025127 0.0
-793969.8492462311 0.0
-783919.5979899499 0.0
-773869.3467336684 0.0
-763819.095477387 0.0
-753768.8442211056 0.0
-743718.592964824 0.0
-733668.3417085428 0.0
-723618.0904522613 0.0
-713567.83919598 0.0
-703517.5879396985 0.0
-693467.3366834171 0.0
-683417.0854271357 0.0
-673366.8341708543 0.0
-663316.5829145729 0.0
-653266.3316582914 0.0
-643216.0804020101 0.0
-633165.8291457286 0.0
-623115.5778894473 0.0
-613065.3266331658 0.0
-603015.0753768844 0.0
-592964.824120603 0.0
-582914.5728643216 0.0
-572864.3216080402 0.0
-562814.0703517587 0.0
-552763.8190954775 0.0
-542713.567839196 0.0
-532663.3165829147 0.0
-522613.0653266332 0.0
-512562.8140703518 0.0
-502512.5628140704 0.0
-492462.311557789 0.0
-482412.0603015076 0.0
-472361.8090452262 0.0
-462311.55778894474 0.0
-452261.30653266335 0.0
-442211.05527638196 0.0
-432160.80402010056 0.0
-422110.55276381917 0.0
-412060.3015075378 0.0
-402010.0502512563 0.0
-391959.7989949749 0.0
-381909.5477386935 0.0
-371859.2964824121 0.0
-361809.0452261307 0.0
-351758.7939698493 0.0
-341708.5427135679 0.0
-331658.2914572865 0.0
-321608.0402010051 0.0
-311557.78894472367 0.0
-301507.5376884422 0.0
-291457.2864321608 0.0
-281407.0351758794 0.0
-271356.78391959803 0.0
-261306.53266331664 0.0
-251256.28140703525 0.0
-241206.03015075385 0.0
-231155.77889447246 0.0
-221105.527638191 0.0
-211055.27638190956 0.0
-201005.02512562816 0.0
-190954.77386934677 0.0
-180904.52261306538 0.0
-170854.27135678398 0.0
-160804.0201005026 0.0
-150753.7688442212 0.0
-140703.5175879398 0.0
-130653.26633165835 0.0
-120603.0150753769 0.0
-110552.7638190955 0.0
-100502.51256281411 0.0
-90452.26130653272 0.0
-80402.01005025132 1.5160374286024477e-09
-70351.75879396993 7.0116731072863215e-09
-60301.507537688536 2.937322517917243e-08
-50251.25628140714 1.1521884457378605e-07
-40201.00502512575 3.7142917000759973e-07
-30150.753768844297 1.2660807575616047e-06
-20100.502512562845 3.4702096740710034e-06
-10050.251256281452 8.031587287378618e-06
-5.820766091346741e-11 1.440500863722331e-05
10050.251256281335 1.9527509603792407e-05
20100.50251256273 1.9986110925944646e-05
30150.753768844123 1.5092342106415944e-05
40201.005025125516 9.177901088080644e-06
50251.25628140691 4.614628427987276e-06
60301.50753768836 2.1038809415430228e-06
70351.75879396976 8.353366231599584e-07
80402.01005025115 3.212104301851399e-07
90452.26130653254 9.797391882343434e-08
100502.51256281394 3.0131243893473304e-08
110552.76381909545 1.1938794750244138e-08
120603.01507537684 2.8425701786296227e-09
130653.26633165823 5.685140357259114e-10
140703.51758793963 1.8950467857530817e-10
150753.76884422102 0.0
160804.0201005024 0.0
170854.2713567838 0.0
180904.5226130652 0.0
190954.7738693466 0.0
201005.0251256281 0.0
211055.2763819095 0.0
221105.5276381909 0.0
231155.77889447229 0.0
241206.03015075368 0.0
251256.28140703507 0.0
261306.53266331647 0.0
271356.78391959786 0.0
281407.03517587925 0.0
291457.28643216076 0.0
301507.53768844216 0.0
311557.78894472355 0.0
321608.04020100494 0.0
331658.29145728634 0.0
341708.54271356773 0.0
351758.7939698491 0.0
361809.0452261305 0.0
371859.2964824119 0.0
381909.5477386934 0.0
391959.7989949748 0.0
402010.0502512562 0.0
412060.3015075376 0.0
422110.552763819 0.0
432160.8040201004 0.0
442211.0552763818 0.0
452261.3065326632 0.0
462311.55778894457 0.0
472361.8090452261 0.0
482412.0603015075 0.0
492462.31155778887 0.0
502512.56281407026 0.0
512562.81407035165 0.0
522613.06532663305 0.0
532663.3165829144 0.0
542713.5678391958 0.0
552763.8190954772 0.0
562814.0703517587 0.0
572864.3216080401 0.0
582914.5728643215 0.0
592964.8241206029 0.0
603015.0753768843 0.0
613065.3266331657 0.0
623115.5778894471 0.0
633165.8291457285 0.0
643216.0804020099 0.0
653266.3316582914 0.0
663316.5829145728 0.0
673366.8341708542 0.0
683417.0854271356 0.0
693467.336683417 0.0
703517.5879396984 0.0
713567.8391959798 0.0
723618.0904522612 0.0
733668.3417085425 0.0
743718.592964824 0.0
753768.8442211054 0.0
763819.0954773868 0.0
773869.3467336682 0.0
783919.5979899496 0.0
793969.849246231 0.0
804020.1005025124 0.0
814070.3517587938 0.0
824120.6030150752 0.0
834170.8542713567 0.0
844221.1055276381 0.0
854271.3567839195 0.0
864321.6080402009 0.0
874371.8592964823 0.0
884422.1105527637 0.0
894472.3618090451 0.0
904522.6130653265 0.0
914572.8643216079 0.0
924623.1155778893 0.0
934673.3668341707 0.0
944723.6180904522 0.0
954773.8693467336 0.0
964824.120603015 0.0
974874.3718592963 0.0
984924.6231155777 0.0
994974.8743718592 0.0

-994974.8743718592 0.0
-984924.623115578 0.0
-974874.3718592965 0.0
-964824.1206030152 0.0
-954773.8693467337 0.0
-944723.6180904522 0.0
-934673.3668341709 0.0
-924623.1155778894 0.0
-914572.8643216081 0.0
-904522.6130653266 0.0
-894472.3618090453 0.0
-884422.1105527638 0.0
-874371.8592964825 0.0
-864321.608040201 0.0
-854271.3567839195 0.0
-844221.1055276382 0.0
-834170.8542713567 0.0
-824120.6030150754 0.0
-814070.3517587939 0.0
-804020.1005025127 0.0
-793969.8492462311 0.0
-783919.5979899499 0.0
-773869.3467336684 0.0
-763819.095477387 0.0
-753768.8442211056 0.0
-743718.592964824 0.0
-733668.3417085428 0.0
-723618.0904522613 0.0
-713567.83919598 0.0
-703517.5879396985 0.0
-693467.3366834171 0.0
-683417.0854271357 0.0
-673366.8341708543 0.0
-663316.5829145729 0.0
-653266.3316582914 0.0
-643216.0804020101 0.0
-633165.8291457286 0.0
-623115.5778894473 0.0
-613065.3266331658 0.0
-603015.0753768844 0.0
-592964.824120603 0.0
-582914.5728643216 0.0
-572864.3216080402 0.0
-562814.0703517587 0.0
-552763.8190954775 0.0
-542713.567839196 0.0
-532663.3165829147 0.0
-522613.0653266332 0.0
-512562.8140703518 0.0
-502512.5628140704 0.0
-492462.311557789 0.0
-482412.0603015076 0.0
-472361.8090452262 0.0
-462311.55778894474 0.0
-452261.30653266335 0.0
-442211.05527638196 0.0
-432160.80402010056 0.0
-422110.55276381917 0.0
-412060.3015075378 0.0
-402010.0502512563 0.0
-391959.7989949749 0.0
-381909.5477386935 0.0
-371859.2964824121 0.0
-361809.0452261307 0.0
-351758.7939698493 0.0
-341708.5427135679 0.0
-331658.2914572865 0.0
-321608.0402010051 0.0
-311557.78894472367 0.0
-301507.5376884422 0.0
-291457.2864321608 0.0
-281407.0351758794 0.0
-271356.78391959803 0.0
-261306.53266331664 0.0
-251256.28140703525 0.0
-241206.03015075385 0.0
-231155.77889447246 0.0
-221105.527638191 0.0
-211055.27638190956 0.0
-201005.02512562816 0.0
-190954.77386934677 0.0
-180904.52261306538 0.0
-170854.27135678398 0.0
-160804.0201005026 0.0
-150753.7688442212 0.0
-140703.5175879398 0.0
-130653.26633165835 0.0
-120603.0150753769 0.0
-110552.7638190955 0.0
-100502.51256281411 0.0
-90452.26130653272 0.0
-80402.01005025132 2.0873235477367776e-10
-70351.75879396993 1.0019153029136533e-09
-60301.507537688536 7.1386465332597794e-09
-50251.25628140714 3.477481030529471e-08
-40201.00502512575 2.054761300392084e-07
-30150.753768844297 1.0548498280842456e-06
-20100.502512562845 4.055669653252559e-06
-10050.251256281452 1.1283737127297383e-05
-5.820766091346741e-11 2.0737976911474436e-05
10050.251256281335 2.4359775492094428e-05
20100.50251256273 1.8721622364360706e-05
30150.753768844123 1.0966213469215664e-05
40201.005025125516 5.073031150419464e-06
50251.25628140691 1.984961200955766e-06
60301.50753768836 6.922817278423716e-07
70351.75879396976 2.282279567095419e-07
80402.01005025115 6.687784646948558e-08
90452.26130653254 2.0789742535458548e-08
100502.51256281394 4.466872392156652e-09
110552.76381909545 7.096900062304962e-10
120603.01507537684 2.0873235477368016e-10
130653.26633165823 0.0
140703.51758793963 0.0
150753.76884422102 0.0
160804.0201005024 0.0
170854.2713567838 0.0
180904.5226130652 0.0
190954.7738693466 0.0
201005.0251256281 0.0
211055.2763819095 0.0
221105.5276381909 0.0
231155.77889447229 0.0
241206.03015075368 0.0
251256.28140703507 0.0
261306.53266331647 0.0
271356.78391959786 0.0
281407.03517587925 0.0
291457.28643216076 0.0
301507.53768844216 0.0
311557.78894472355 0.0
321608.04020100494 0.0
331658.29145728634 0.0
341708.54271356773 0.0
351758.7939698491 0.0
361809.0452261305 0.0
371859.2964824119 0.0
381909.5477386934 0.0
391959.7989949748 0.0
402010.0502512562 0.0
412060.3015075376 0.0
422110.552763819 0.0
432160.8040201004 0.0
442211.0552763818 0.0
452261.3065326632 0.0
462311.55778894457 0.0
472361.8090452261 0.0
482412.0603015075 0.0
492462.31155778887 0.0
502512.56281407026 0.0
512562.81407035165 0.0
522613.06532663305 0.0
532663.3165829144 0.0
542713.5678391958 0.0
552763.8190954772 0.0
562814.0703517587 0.0
572864.3216080401 0.0
582914.5728643215 0.0
592964.8241206029 0.0
603015.0753768843 0.0
613065.3266331657 0.0
623115.5778894471 0.0
633165.8291457285 0.0
643216.0804020099 0.0
653266.3316582914 0.0
663316.5829145728 0.0
673366.8341708542 0.0
683417.0854271356 0.0
693467.336683417 0.0
703517.5879396984 0.0
713567.8391959798 0.0
723618.0904522612 0.0
733668.3417085425 0.0
743718.592964824 0.0
753768.8442211054 0.0
763819.0954773868 0.0
773869.3467336682 0.0
783919.5979899496 0.0
793969.849246231 0.0
804020.1005025124 0.0
814070.3517587938 0.0
824120.6030150752 0.0
834170.8542713567 0.0
844221.1055276381 0.0
854271.3567839195 0.0
864321.6080402009 0.0
874371.8592964823 0.0
884422.1105527637 0.0
894472.3618090451 0.0
904522.6130653265 0.0
914572.8643216079 0.0
924623.1155778893 0.0
934673.3668341707 0.0
944723.6180904522 0.0
954773.8693467336 0.0
964824.120603015 0.0
974874.3718592963 0.0
984924.6231155777 0.0
994974.8743718592 0.0

