s_d_bin lambda_cond_mean
-15.0 84731.95267071955
-14.696969696969697 86361.77444828251
-14.393939393939394 87148.3573984346
-14.09090909090909 88774.28061229439
-13.787878787878787 87317.25929136928
-13.484848484848484 83766.25920313792
-13.181818181818182 88906.75717755395
-12.878787878787879 86892.84889551262
-12.575757575757576 86050.23614430321
-12.272727272727273 87507.13920941424
-11.969696969696969 83680.58196128742
-11.666666666666666 82858.46787368527
-11.363636363636363 81757.6538340942
-11.06060606060606 86653.0399729671
-10.757575757575758 83912.07251737526
-10.454545454545453 83924.32746755952
-10.151515151515152 85791.02913639616
-9.848484848484848 81840.4661183691
-9.545454545454545 81449.24150331943
-9.242424242424242 82836.3437327311
-8.93939393939394 82811.26189436876
-8.636363636363637 84230.23032918652
-8.333333333333332 81251.71652650903
-8.030303030303031 84032.67162610227
-7.727272727272727 82800.66341913507
-7.424242424242424 83789.20719629973
-7.121212121212121 82803.45922872228
-6.818181818181818 81327.12299527673
-6.515151515151516 82444.23179325135
-6.212121212121211 81952.74633501335
-5.909090909090908 82480.44868811585
-5.6060606060606055 81333.12673077766
-5.303030303030303 81096.39029787025
-5.0 81744.39654063224
-4.696969696969697 80984.48281951711
-4.3939393939393945 80777.76802055404
-4.09090909090909 79859.68595014705
-3.787878787878787 78846.25194252522
-3.4848484848484844 79470.03827467622
-3.1818181818181817 78139.41966470412
-2.878787878787879 77221.26678294566
-2.575757575757576 77168.20471016337
-2.2727272727272716 76791.85836615885
-1.9696969696969688 75797.09855415534
-1.666666666666666 76304.54028944962
-1.3636363636363633 75856.6454157871
-1.0606060606060606 76122.592936587
-0.7575757575757578 75542.68939528929
-0.45454545454545325 75587.59584304472
-0.1515151515151505 76424.30693338612
0.15151515151515227 76723.19094678962
0.45454545454545503 76355.22377102403
0.7575757575757578 76364.65917618742
1.0606060606060623 77102.90211699785
1.3636363636363633 76830.82682199382
1.6666666666666679 77861.31835360514
1.9696969696969688 79170.83574601941
2.2727272727272734 80651.2028589283
2.575757575757578 82759.13738884752
2.878787878787879 85300.86601257249
3.1818181818181834 86781.41290693871
3.4848484848484844 89336.9177220307
3.787878787878789 90756.98994826034
4.09090909090909 92883.03313648544
4.3939393939393945 95086.30991404894
4.696969696969699 97016.12525310865
5.0 97797.2503174767
5.3030303030303045 100144.01088010156
5.6060606060606055 101506.40324235627
5.90909090909091 102612.49604685197
6.212121212121211 103628.70898110437
6.515151515151516 105331.90490740504
6.81818181818182 105408.24821391338
7.121212121212121 105396.54855597478
7.424242424242426 104879.38019867249
7.727272727272727 105525.05819918515
8.030303030303031 106118.84195545153
8.333333333333336 106220.36343796727
8.636363636363637 107736.40428654388
8.939393939393941 106400.23165912287
9.242424242424242 107670.5512509599
9.545454545454547 106815.54839376935
9.848484848484848 105916.28734529608
10.151515151515152 106027.99540538626
10.454545454545457 107021.14362036689
10.757575757575758 107503.2601581769
11.060606060606062 106190.69075602447
11.363636363636363 106949.97846954943
11.666666666666668 107754.2028195892
11.969696969696969 106949.50004220985
12.272727272727273 106459.5586547503
12.575757575757578 104481.78259027332
12.878787878787879 105967.38638530728
13.181818181818183 105310.34472763204
13.484848484848484 106147.9685968753
13.787878787878789 105050.87733613071
14.090909090909093 108183.3039626933
14.393939393939394 105069.38325151935
14.696969696969699 109465.71597362682
15.0 103330.62182023897

-15.0 84342.39473720994
-14.696969696969697 88231.35009945273
-14.393939393939394 90792.86351464938
-14.09090909090909 86745.53330545568
-13.787878787878787 90404.95831201831
-13.484848484848484 89970.5337612077
-13.181818181818182 89941.4001072142
-12.878787878787879 80389.84457591054
-12.575757575757576 91012.78666854995
-12.272727272727273 85366.98774623752
-11.969696969696969 84820.65023923072
-11.666666666666666 85474.5976140682
-11.363636363636363 88021.72995438337
-11.06060606060606 89151.30976021834
-10.757575757575758 89183.4844034478
-10.454545454545453 90931.66122022682
-10.151515151515152 87175.41757309681
-9.848484848484848 84865.13847469991
-9.545454545454545 85296.74117769732
-9.242424242424242 90871.2204289682
-8.93939393939394 89575.64522694825
-8.636363636363637 88080.99134166945
-8.333333333333332 89224.90369893066
-8.030303030303031 86563.83290782201
-7.727272727272727 87520.56807850217
-7.424242424242424 88368.79483225057
-7.121212121212121 88106.13412507242
-6.818181818181818 87803.27253893216
-6.515151515151516 90928.180144109
-6.212121212121211 89558.22357729792
-5.909090909090908 86780.22834753217
-5.6060606060606055 88413.81730570039
-5.303030303030303 87095.5592059846
-5.0 87679.1093271082
-4.696969696969697 86797.26488202983
-4.3939393939393945 86537.23167578017
-4.09090909090909 86851.30643843736
-3.787878787878787 86122.30120070063
-3.4848484848484844 84771.05173007531
-3.1818181818181817 86136.72801419349
-2.878787878787879 85905.80200680628
-2.575757575757576 85147.64516518539
-2.2727272727272716 85937.98647066727
-1.9696969696969688 85524.33457103037
-1.666666666666666 86038.33721669491
-1.3636363636363633 85886.90907120457
-1.0606060606060606 84937.42425506182
-0.7575757575757578 86008.66731238933
-0.45454545454545325 86994.49829046539
-0.1515151515151505 87409.48897084205
0.15151515151515227 88232.51352708101
0.45454545454545503 88369.84821495629
0.7575757575757578 88605.50646281069
1.0606060606060623 88402.59401239584
1.3636363636363633 88330.0596956154
1.6666666666666679 88432.49807510951
1.9696969696969688 88043.46940203878
2.2727272727272734 88139.78698035836
2.575757575757578 87967.84800990642
2.878787878787879 87931.42800962059
3.1818181818181834 87524.64466650407
3.4848484848484844 89008.32944097128
3.787878787878789 90988.80718705813
4.09090909090909 91143.05535538378
4.3939393939393945 92146.60487958699
4.696969696969699 93721.85811110555
5.0 94716.40102778726
5.3030303030303045 96305.90992374255
5.6060606060606055 98804.43890626158
5.90909090909091 98657.57102856715
6.212121212121211 99760.28555104384
6.515151515151516 101412.58697761383
6.81818181818182 99271.98045230265
7.121212121212121 101282.76410826603
7.424242424242426 102705.541979848
7.727272727272727 102494.21114602612
8.030303030303031 101412.67926457897
8.333333333333336 103531.1301255388
8.636363636363637 101883.42572578415
8.939393939393941 102607.91991216916
9.242424242424242 102762.3957263202
9.545454545454547 104387.58119860187
9.848484848484848 103920.94342020171
10.151515151515152 103720.13878540572
10.454545454545457 105302.38294913796
10.757575757575758 103580.32718704127
11.060606060606062 104761.31058390281
11.363636363636363 102196.77273003492
11.666666666666668 106697.84072860467
11.969696969696969 107196.20307220116
12.272727272727273 104712.0655708496
12.575757575757578 104272.92588716076
12.878787878787879 106129.4820588791
13.181818181818183 109336.83272370404
13.484848484848484 106158.36129478099
13.787878787878789 106594.46307480436
14.090909090909093 107656.71994486297
14.393939393939394 105359.63186057977
14.696969696969699 103489.95117255907
15.0 104385.12087217138

-15.0 83357.28898680797
-14.696969696969697 89360.75285428108
-14.393939393939394 81055.64818733386
-14.09090909090909 80524.18204138606
-13.787878787878787 80728.68389280351
-13.484848484848484 85613.62046435698
-13.181818181818182 82741.39349823275
-12.878787878787879 82830.95244133174
-12.575757575757576 85197.41235151679
-12.272727272727273 85632.36923390416
-11.969696969696969 80874.197800358
-11.666666666666666 84878.24360829461
-11.363636363636363 83453.8213127765
-11.06060606060606 84264.50806236107
-10.757575757575758 83968.83716838743
-10.454545454545453 83677.97479319236
-10.151515151515152 79471.53833222523
-9.848484848484848 81910.06159620864
-9.545454545454545 80853.17462650631
-9.242424242424242 82331.38645747764
-8.93939393939394 78901.42968755159
-8.636363636363637 77859.97910827768
-8.333333333333332 78105.65117467962
-8.030303030303031 79151.76816719364
-7.727272727272727 79994.02784348298
-7.424242424242424 80185.11383036636
-7.121212121212121 78628.14402157396
-6.818181818181818 78399.18663961049
-6.515151515151516 77581.17079234366
-6.212121212121211 78146.07317521531
-5.909090909090908 77485.40805838017
-5.6060606060606055 77269.79621132702
-5.303030303030303 76821.3407243329
-5.0 77339.25919952705
-4.696969696969697 77142.76481823211
-4.3939393939393945 76842.39429478504
-4.09090909090909 77307.0947776219
-3.787878787878787 77004.41491969064
-3.4848484848484844 75399.60894047815
-3.1818181818181817 76580.31966083187
-2.878787878787879 75304.63427015026
-2.575757575757576 76321.87003178213
-2.2727272727272716 74671.71753543992
-1.9696969696969688 75767.34350686985
-1.666666666666666 75250.27872217089
-1.3636363636363633 75342.58668580296
-1.0606060606060606 75888.5399774925
-0.7575757575757578 76476.58697400992
-0.45454545454545325 76828.91138984263
-0.1515151515151505 77876.01757144765
0.15151515151515227 78726.56180422142
0.45454545454545503 79762.37172453316
0.7575757575757578 79854.32287130447
1.0606060606060623 79474.7200592363
1.3636363636363633 78056.83216086535
1.6666666666666679 81769.66073181876
1.9696969696969688 80972.43594006028
2.2727272727272734 80728.76792810099
2.575757575757578 80584.78586019395
2.878787878787879 81492.98366460318
3.1818181818181834 81477.6426609476
3.4848484848484844 81695.80073625776
3.787878787878789 82509.84988820575
4.09090909090909 82233.25547023672
4.3939393939393945 82866.42471966815
4.696969696969699 84406.01997885671
5.0 84113.38930333743
5.3030303030303045 84643.19902890995
5.6060606060606055 87293.03934399417
5.90909090909091 88281.77579857968
6.212121212121211 87910.2447321082
6.515151515151516 88878.37090190907
6.81818181818182 91364.74441515512
7.121212121212121 93399.06254090785
7.424242424242426 93794.01517587884
7.727272727272727 92503.96869403386
8.030303030303031 93328.69182025251
8.333333333333336 94339.31801409772
8.636363636363637 95280.72195478235
8.939393939393941 94627.16656397608
9.242424242424242 99513.20268267563
9.545454545454547 99501.282298813
9.848484848484848 98435.71602012904
10.151515151515152 96488.79325382388
10.454545454545457 98961.31114192732
10.757575757575758 100144.32454919635
11.060606060606062 100103.63211646679
11.363636363636363 101793.04839102709
11.666666666666668 102009.41445325493
11.969696969696969 98826.2242020865
12.272727272727273 101302.42371990212
12.575757575757578 101636.39589826422
12.878787878787879 99791.60389786781
13.181818181818183 102829.94509249453
13.484848484848484 104334.63005560903
13.787878787878789 103404.6301895115
14.090909090909093 103640.87769758556
14.393939393939394 101790.39258454037
14.696969696969699 107131.57514379684
15.0 105433.62369678068

-15.0 87674.57646456436
-14.696969696969697 79531.04310368032
-14.393939393939394 80861.7194426316
-14.09090909090909 92019.80753997636
-13.787878787878787 88469.6002915829
-13.484848484848484 89159.8956771461
-13.181818181818182 79757.74497098374
-12.878787878787879 84905.87071786949
-12.575757575757576 83851.0512525049
-12.272727272727273 81570.2068176671
-11.969696969696969 84185.8535912891
-11.666666666666666 76908.6732989302
-11.363636363636363 83637.55974158729
-11.06060606060606 82668.13255981966
-10.757575757575758 83789.53918406056
-10.454545454545453 84931.88231200611
-10.151515151515152 82587.77458325165
-9.848484848484848 84822.14341658569
-9.545454545454545 82645.61501330898
-9.242424242424242 83843.08326379851
-8.93939393939394 83017.20549610343
-8.636363636363637 85150.16171517072
-8.333333333333332 84133.52052527267
-8.030303030303031 82988.84812182646
-7.727272727272727 82128.22542167477
-7.424242424242424 84698.77780495524
-7.121212121212121 82744.68425417808
-6.818181818181818 81357.91544265662
-6.515151515151516 82262.04166441962
-6.212121212121211 82181.87990479021
-5.909090909090908 80065.40267175315
-5.6060606060606055 78469.45898655435
-5.303030303030303 77796.03467204126
-5.0 77823.12379107172
-4.696969696969697 75704.63223392805
-4.3939393939393945 74721.40052776886
-4.09090909090909 73733.40449691478
-3.787878787878787 73088.68355470966
-3.4848484848484844 71471.4599973528
-3.1818181818181817 70645.42034913547
-2.878787878787879 69398.43038411201
-2.575757575757576 69048.98608906115
-2.2727272727272716 69019.78211634314
-1.9696969696969688 68051.91618919595
-1.666666666666666 68887.20464275789
-1.3636363636363633 68635.6613208203
-1.0606060606060606 68038.26450192468
-0.7575757575757578 67687.81698020428
-0.45454545454545325 67718.59052960409
-0.1515151515151505 67678.599864602
0.15151515151515227 68881.95498153272
0.45454545454545503 69046.99866407031
0.7575757575757578 69572.0885202295
1.0606060606060623 69262.0238617419
1.3636363636363633 69547.65657962393
1.6666666666666679 69797.00178181041
1.9696969696969688 70006.92446563624
2.2727272727272734 70516.78027010924
2.575757575757578 70770.8309779515
2.878787878787879 71577.55249627051
3.1818181818181834 71535.20066175141
3.4848484848484844 71969.10436788289
3.787878787878789 72196.76293655782
4.09090909090909 72725.25821078916
4.3939393939393945 72425.53759670131
4.696969696969699 72655.6600313452
5.0 72790.25063142103
5.3030303030303045 73606.09610200436
5.6060606060606055 73007.7442721388
5.90909090909091 73332.4019698239
6.212121212121211 75145.94505635797
6.515151515151516 75978.88414407278
6.81818181818182 75714.37872229723
7.121212121212121 76543.89342767853
7.424242424242426 76022.42906484671
7.727272727272727 77342.15828742483
8.030303030303031 78064.4861618915
8.333333333333336 80055.8135449882
8.636363636363637 79889.62323016529
8.939393939393941 79715.53040369417
9.242424242424242 78040.96197098741
9.545454545454547 80323.1928630623
9.848484848484848 79855.13267274278
10.151515151515152 79694.7858830862
10.454545454545457 79531.83120912226
10.757575757575758 82169.19881834475
11.060606060606062 82428.35558104982
11.363636363636363 81091.86982006511
11.666666666666668 84835.56752014552
11.969696969696969 81339.07550349395
12.272727272727273 84032.85789242467
12.575757575757578 83428.0422407384
12.878787878787879 84846.31429897812
13.181818181818183 82864.60810619347
13.484848484848484 84615.48827735595
13.787878787878789 84675.2830076082
14.090909090909093 85756.10330668213
14.393939393939394 87187.44430241319
14.696969696969699 87464.99840681253
15.0 88959.59552261923

-15.0 70297.62945372808
-14.696969696969697 66409.64095803436
-14.393939393939394 71482.50376632875
-14.09090909090909 68047.1634044628
-13.787878787878787 71742.11992707517
-13.484848484848484 72155.09580227103
-13.181818181818182 69015.58082421697
-12.878787878787879 72135.49417387546
-12.575757575757576 70672.14401495774
-12.272727272727273 71090.47631694484
-11.969696969696969 69926.03300909905
-11.666666666666666 72130.58058568877
-11.363636363636363 72495.55288057963
-11.06060606060606 73475.99021562353
-10.757575757575758 69718.08807988942
-10.454545454545453 71401.0751974435
-10.151515151515152 73592.11617873269
-9.848484848484848 74697.4112408366
-9.545454545454545 71506.70062978093
-9.242424242424242 75331.6013742092
-8.93939393939394 77624.07969676469
-8.636363636363637 76126.23045320866
-8.333333333333332 77869.66573528461
-8.030303030303031 79662.58915708597
-7.727272727272727 79124.62710489912
-7.424242424242424 78280.94320123283
-7.121212121212121 77775.80456913974
-6.818181818181818 78703.2075016107
-6.515151515151516 76795.88329985198
-6.212121212121211 76593.93268129976
-5.909090909090908 75922.82492245053
-5.6060606060606055 73488.07162316433
-5.303030303030303 72137.36952195028
-5.0 71190.3279011754
-4.696969696969697 69448.86495337625
-4.3939393939393945 68738.08249237749
-4.09090909090909 67234.82396215976
-3.787878787878787 66081.38014279412
-3.4848484848484844 64964.392155090805
-3.1818181818181817 63680.45750501137
-2.878787878787879 62364.464053416166
-2.575757575757576 62097.324631336945
-2.2727272727272716 61642.38688171425
-1.9696969696969688 61028.104163496704
-1.666666666666666 60389.06495477286
-1.3636363636363633 59765.33654807732
-1.0606060606060606 59325.05201413259
-0.7575757575757578 59235.63204675876
-0.45454545454545325 58778.11995505559
-0.1515151515151505 58414.39852437436
0.15151515151515227 58253.603913960804
0.45454545454545503 58233.46245555694
0.7575757575757578 58026.347664989975
1.0606060606060623 58167.073050447805
1.3636363636363633 58086.04305944927
1.6666666666666679 58320.019971222086
1.9696969696969688 58027.22561394419
2.2727272727272734 57996.464336225974
2.575757575757578 58549.95605454423
2.878787878787879 58367.29073595917
3.1818181818181834 58526.23803687571
3.4848484848484844 58820.074581233726
3.787878787878789 59085.54403453675
4.09090909090909 59029.64513210782
4.3939393939393945 58759.48063517285
4.696969696969699 58623.84970376427
5.0 59819.86709384212
5.3030303030303045 59178.96382641248
5.6060606060606055 59768.27889587013
5.90909090909091 60192.68496912156
6.212121212121211 60221.38620355862
6.515151515151516 60511.74948270417
6.81818181818182 60918.55957634267
7.121212121212121 61044.378094608284
7.424242424242426 61498.74511416153
7.727272727272727 61405.99336723425
8.030303030303031 61239.469354576744
8.333333333333336 61899.33268374587
8.636363636363637 61330.37025269265
8.939393939393941 62147.86950891439
9.242424242424242 61884.809536411405
9.545454545454547 62426.07970631384
9.848484848484848 62510.040953536474
10.151515151515152 62533.6890501729
10.454545454545457 62742.65607023517
10.757575757575758 62608.918744032555
11.060606060606062 62067.4184642321
11.363636363636363 62474.34774996695
11.666666666666668 62089.84859116261
11.969696969696969 62986.673222888596
12.272727272727273 63260.739165658124
12.575757575757578 63216.65584614724
12.878787878787879 62855.75785903777
13.181818181818183 62894.79586227275
13.484848484848484 63481.7892618265
13.787878787878789 63619.98620716179
14.090909090909093 63928.41048297913
14.393939393939394 64574.03797299681
14.696969696969699 63358.50645501147
15.0 64446.33521563991

