s_d_bin lambda_cond_mean
-15.0 75135.12740150059
-14.696969696969697 78703.18459881251
-14.393939393939394 83227.46429265372
-14.09090909090909 84145.29738399918
-13.787878787878787 81851.51388934706
-13.484848484848484 79868.3653658485
-13.181818181818182 80616.16251213952
-12.878787878787879 79812.98849466826
-12.575757575757576 80805.19337028239
-12.272727272727273 77437.26128758931
-11.969696969696969 80448.61611209904
-11.666666666666666 76910.06865653665
-11.363636363636363 76814.44442334701
-11.06060606060606 76871.27303908806
-10.757575757575758 82509.08473163434
-10.454545454545453 80382.74596145289
-10.151515151515152 79567.08741275474
-9.848484848484848 76650.76876392674
-9.545454545454545 77449.97725445982
-9.242424242424242 79188.61974021349
-8.93939393939394 75704.36713094458
-8.636363636363637 76382.64474631958
-8.333333333333332 76316.17165167011
-8.030303030303031 78459.57765712118
-7.727272727272727 76296.25195606251
-7.424242424242424 75540.50343435166
-7.121212121212121 76616.8997920826
-6.818181818181818 76057.87915439517
-6.515151515151516 75448.4343838481
-6.212121212121211 73910.9374824393
-5.909090909090908 73857.70442802142
-5.6060606060606055 72580.70384462806
-5.303030303030303 75071.94949210239
-5.0 74552.18245583773
-4.696969696969697 72969.20620422039
-4.3939393939393945 71796.16294705408
-4.09090909090909 71566.20913598377
-3.787878787878787 73543.23672906826
-3.4848484848484844 71372.6978062851
-3.1818181818181817 70919.81235480103
-2.878787878787879 70734.56015388345
-2.575757575757576 70391.9706474207
-2.2727272727272716 70370.42422905883
-1.9696969696969688 70367.74166127601
-1.666666666666666 70152.53397540461
-1.3636363636363633 70461.08140469762
-1.0606060606060606 69876.1426879167
-0.7575757575757578 70084.87660937168
-0.45454545454545325 70320.35213255991
-0.1515151515151505 70304.06846154986
0.15151515151515227 71226.63213739161
0.45454545454545503 71934.55124915404
0.7575757575757578 71469.75598862309
1.0606060606060623 71826.9640611094
1.3636363636363633 71295.71117921305
1.6666666666666679 70394.73769608959
1.9696969696969688 70633.34013435297
2.2727272727272734 70843.54957944162
2.575757575757578 71126.01878806044
2.878787878787879 72612.79202569695
3.1818181818181834 73741.7829264613
3.4848484848484844 75408.09796223808
3.787878787878789 76561.32608734218
4.09090909090909 78320.18128696248
4.3939393939393945 80261.2887892837
4.696969696969699 82119.27430469825
5.0 83318.43397775957
5.3030303030303045 84078.7463860256
5.6060606060606055 85388.32290021071
5.90909090909091 86999.99801127777
6.212121212121211 86061.3082520947
6.515151515151516 90072.41841260028
6.81818181818182 89663.23999588478
7.121212121212121 89611.87051826264
7.424242424242426 91552.01569767456
7.727272727272727 92743.74414865545
8.030303030303031 92607.14909832586
8.333333333333336 93750.11304569311
8.636363636363637 95028.91623020191
8.939393939393941 94827.52477827347
9.242424242424242 94976.41693074601
9.545454545454547 95803.74377253996
9.848484848484848 95012.67323784698
10.151515151515152 95352.9797894793
10.454545454545457 94115.50245046611
10.757575757575758 97364.28551370143
11.060606060606062 94130.84497691701
11.363636363636363 92569.32723055448
11.666666666666668 95855.74637057379
11.969696969696969 96884.72776420283
12.272727272727273 96538.17067319957
12.575757575757578 94186.99422110865
12.878787878787879 96575.54649774762
13.181818181818183 94882.18722038854
13.484848484848484 96095.02015234486
13.787878787878789 94363.58350686434
14.090909090909093 95532.68761219815
14.393939393939394 95134.13674419855
14.696969696969699 95914.6244535752
15.0 95302.69209555951

-15.0 80431.22750878749
-14.696969696969697 76698.93769123635
-14.393939393939394 81233.35829716186
-14.09090909090909 79419.13520518772
-13.787878787878787 77758.08265814141
-13.484848484848484 83559.49328648741
-13.181818181818182 82519.02520611465
-12.878787878787879 87206.09894393636
-12.575757575757576 82140.2693422747
-12.272727272727273 84628.87364583128
-11.969696969696969 84913.87497470778
-11.666666666666666 84347.81008426333
-11.363636363636363 87892.31738699671
-11.06060606060606 83293.93225435997
-10.757575757575758 85558.78939578989
-10.454545454545453 89463.40638193845
-10.151515151515152 85057.50513425218
-9.848484848484848 88700.9592469799
-9.545454545454545 86559.18774522492
-9.242424242424242 84415.36913800729
-8.93939393939394 87053.82540294043
-8.636363636363637 87764.3588479701
-8.333333333333332 89841.67927110693
-8.030303030303031 86600.39151176912
-7.727272727272727 86377.81787863334
-7.424242424242424 90320.99127651888
-7.121212121212121 86029.76347103991
-6.818181818181818 87207.60820472582
-6.515151515151516 84217.05710723104
-6.212121212121211 83020.08248285181
-5.909090909090908 83867.84889234643
-5.6060606060606055 86646.30821735873
-5.303030303030303 83404.49612090406
-5.0 84499.6252170976
-4.696969696969697 86241.39609947194
-4.3939393939393945 82960.83400094649
-4.09090909090909 82465.74246998117
-3.787878787878787 82349.23955962707
-3.4848484848484844 79823.55311664945
-3.1818181818181817 78617.88216456727
-2.878787878787879 79714.8595873259
-2.575757575757576 78953.21217985757
-2.2727272727272716 79030.18614199605
-1.9696969696969688 79352.0103380498
-1.666666666666666 78777.44152245364
-1.3636363636363633 79450.7895557901
-1.0606060606060606 80170.57727478165
-0.7575757575757578 82402.19528801173
-0.45454545454545325 81417.78088899919
-0.1515151515151505 83857.62636531002
0.15151515151515227 82998.22531368463
0.45454545454545503 84626.52883073065
0.7575757575757578 84530.15411393474
1.0606060606060623 84120.67754991548
1.3636363636363633 83663.57861470859
1.6666666666666679 83175.81526001793
1.9696969696969688 83301.98511915357
2.2727272727272734 82115.91328216904
2.575757575757578 81763.62643183846
2.878787878787879 81506.66603290688
3.1818181818181834 81450.25247768285
3.4848484848484844 80812.58892102691
3.787878787878789 81841.06710453448
4.09090909090909 82825.54437122346
4.3939393939393945 84790.69807383111
4.696969696969699 85916.42263341913
5.0 88601.45016044364
5.3030303030303045 89871.03321612522
5.6060606060606055 90075.39493103327
5.90909090909091 91485.14924323204
6.212121212121211 92972.46722236526
6.515151515151516 93185.04742868598
6.81818181818182 95718.65691606744
7.121212121212121 93953.00438092933
7.424242424242426 96357.4310919265
7.727272727272727 96353.60117399
8.030303030303031 98814.1295437566
8.333333333333336 99030.80884414312
8.636363636363637 99914.8223431414
8.939393939393941 98797.5897206565
9.242424242424242 97681.2696891621
9.545454545454547 99987.35150524952
9.848484848484848 98806.56389462952
10.151515151515152 99093.73811118628
10.454545454545457 101147.32596586476
10.757575757575758 102390.98530047982
11.060606060606062 98541.32118110823
11.363636363636363 99578.2630191197
11.666666666666668 102561.80234997983
11.969696969696969 100785.72416321424
12.272727272727273 102560.18272373547
12.575757575757578 104909.526613893
12.878787878787879 102365.0355387227
13.181818181818183 101475.08961860556
13.484848484848484 101828.49760163392
13.787878787878789 106579.65721928218
14.090909090909093 101552.15270459185
14.393939393939394 103897.29122171727
14.696969696969699 102754.5015506596
15.0 105204.16432241016

-15.0 72091.02639172049
-14.696969696969697 71029.46902483907
-14.393939393939394 71209.83565312618
-14.09090909090909 73305.12052812977
-13.787878787878787 72815.09410483374
-13.484848484848484 68406.87489476593
-13.181818181818182 67403.37658825525
-12.878787878787879 70570.24545980022
-12.575757575757576 71036.48438546454
-12.272727272727273 67459.2939986873
-11.969696969696969 68236.62482425074
-11.666666666666666 68994.85717205312
-11.363636363636363 67721.27064344268
-11.06060606060606 68420.40426023667
-10.757575757575758 70457.67778043455
-10.454545454545453 68339.98220183849
-10.151515151515152 68492.27894192735
-9.848484848484848 68647.24196620964
-9.545454545454545 67453.45772295029
-9.242424242424242 68327.58323093299
-8.93939393939394 66452.77349022888
-8.636363636363637 68868.05485717492
-8.333333333333332 67815.37327044616
-8.030303030303031 68897.32129318776
-7.727272727272727 66397.32428453246
-7.424242424242424 65785.576036056
-7.121212121212121 67700.88454330208
-6.818181818181818 66463.48078639581
-6.515151515151516 67082.42838180155
-6.212121212121211 67212.67201845763
-5.909090909090908 67079.90402513475
-5.6060606060606055 67603.82056213023
-5.303030303030303 68783.8950453676
-5.0 67014.89063411449
-4.696969696969697 68096.58538360074
-4.3939393939393945 66504.93933764346
-4.09090909090909 67281.66310515978
-3.787878787878787 67686.63070897124
-3.4848484848484844 67576.13501435675
-3.1818181818181817 68258.579110652
-2.878787878787879 68888.07566863805
-2.575757575757576 67672.0239190584
-2.2727272727272716 69594.46549878595
-1.9696969696969688 69347.36639706952
-1.666666666666666 70911.77575334467
-1.3636363636363633 71503.27754622369
-1.0606060606060606 72108.84130222301
-0.7575757575757578 73461.29785435436
-0.45454545454545325 73671.78301690078
-0.1515151515151505 73694.9919409784
0.15151515151515227 74560.75243103977
0.45454545454545503 74480.96687658486
0.7575757575757578 76187.54871004201
1.0606060606060623 75224.90020388608
1.3636363636363633 76139.87508400767
1.6666666666666679 75923.60866910673
1.9696969696969688 77236.10146682759
2.2727272727272734 77587.84839762827
2.575757575757578 77395.09952168021
2.878787878787879 78321.00699437704
3.1818181818181834 79057.765673556
3.4848484848484844 78878.65459449067
3.787878787878789 79871.25931002105
4.09090909090909 80443.11194482743
4.3939393939393945 80556.71608379357
4.696969696969699 81230.01072286202
5.0 81618.53565355415
5.3030303030303045 82333.25298170524
5.6060606060606055 83963.56076448431
5.90909090909091 84588.13959584346
6.212121212121211 85517.27475745624
6.515151515151516 87716.96705391878
6.81818181818182 86643.40052786183
7.121212121212121 87844.02623102575
7.424242424242426 89394.52962401757
7.727272727272727 92025.95249134781
8.030303030303031 92791.97966383991
8.333333333333336 93459.13037799801
8.636363636363637 95504.51562799847
8.939393939393941 95693.57022449118
9.242424242424242 95827.67536614022
9.545454545454547 97977.65808164068
9.848484848484848 97983.6626319865
10.151515151515152 98248.51437911602
10.454545454545457 100093.71851740555
10.757575757575758 100248.58604122004
11.060606060606062 99012.11784058787
11.363636363636363 100965.72491668144
11.666666666666668 100198.13533195925
11.969696969696969 100052.5415587826
12.272727272727273 96776.92769461357
12.575757575757578 98097.46094620356
12.878787878787879 101893.27767913
13.181818181818183 100455.73217742525
13.484848484848484 99108.0649865396
13.787878787878789 98816.85672378934
14.090909090909093 101282.37267901258
14.393939393939394 101166.46303353994
14.696969696969699 98248.12540194717
15.0 101982.52033615515

-15.0 71352.0837281752
-14.696969696969697 69469.84683334598
-14.393939393939394 68156.89832742339
-14.09090909090909 64322.328988460176
-13.787878787878787 64989.44187138077
-13.484848484848484 68203.47801143768
-13.181818181818182 65801.5587425302
-12.878787878787879 64306.992489040065
-12.575757575757576 67809.2941763331
-12.272727272727273 64377.10124187081
-11.969696969696969 67092.87754638004
-11.666666666666666 65411.09890361753
-11.363636363636363 68039.18579346182
-11.06060606060606 65919.44804297558
-10.757575757575758 68347.7057367501
-10.454545454545453 68578.83534703602
-10.151515151515152 68414.08105594132
-9.848484848484848 69305.36854904963
-9.545454545454545 70235.61563932861
-9.242424242424242 70568.66079030576
-8.93939393939394 72231.63802117879
-8.636363636363637 71835.48865632252
-8.333333333333332 71963.52502577814
-8.030303030303031 72578.50587452909
-7.727272727272727 71835.84714444088
-7.424242424242424 73000.02915732992
-7.121212121212121 73382.70243769507
-6.818181818181818 72714.82182786288
-6.515151515151516 73621.86966311028
-6.212121212121211 71710.47307938672
-5.909090909090908 72817.48044859903
-5.6060606060606055 72891.56213166678
-5.303030303030303 70847.88811845037
-5.0 72516.93790288387
-4.696969696969697 70932.29143226666
-4.3939393939393945 72364.17523345453
-4.09090909090909 71044.73789660551
-3.787878787878787 71490.6904451039
-3.4848484848484844 69714.30572994205
-3.1818181818181817 68680.83441531936
-2.878787878787879 68583.21620493107
-2.575757575757576 68550.09428314536
-2.2727272727272716 68744.04803266305
-1.9696969696969688 68063.34758652654
-1.666666666666666 68777.2073328395
-1.3636363636363633 68089.28990712954
-1.0606060606060606 68498.90765408745
-0.7575757575757578 68603.95388099148
-0.45454545454545325 69320.16684584506
-0.1515151515151505 67843.82448848647
0.15151515151515227 69338.99219735758
0.45454545454545503 70263.14683802325
0.7575757575757578 71738.42458400276
1.0606060606060623 71842.57924877026
1.3636363636363633 71342.57308502635
1.6666666666666679 70550.58362748813
1.9696969696969688 72572.82268533188
2.2727272727272734 72540.78366794137
2.575757575757578 71977.47236218918
2.878787878787879 72541.18094277651
3.1818181818181834 72722.26821858484
3.4848484848484844 73063.01401903028
3.787878787878789 73769.19306072773
4.09090909090909 74091.50003163626
4.3939393939393945 74182.11521193448
4.696969696969699 74498.65205783967
5.0 75460.63724233727
5.3030303030303045 75263.17789221238
5.6060606060606055 75913.49366139676
5.90909090909091 74564.08573641986
6.212121212121211 76900.91145373051
6.515151515151516 76666.19937340992
6.81818181818182 75782.58129695525
7.121212121212121 77359.38670309153
7.424242424242426 77120.1057135528
7.727272727272727 78398.0260702464
8.030303030303031 77676.29191713157
8.333333333333336 77660.2505236579
8.636363636363637 78454.81673634688
8.939393939393941 78908.11747478181
9.242424242424242 77615.0485727938
9.545454545454547 79099.76038373887
9.848484848484848 78976.2086869681
10.151515151515152 80677.99127570755
10.454545454545457 82106.74364698111
10.757575757575758 81757.79662451813
11.060606060606062 80974.48861118985
11.363636363636363 81446.18280916559
11.666666666666668 83946.58930578532
11.969696969696969 84827.20015015111
12.272727272727273 83116.2061061376
12.575757575757578 83648.11339711313
12.878787878787879 84532.97894850804
13.181818181818183 84586.99563000874
13.484848484848484 85243.8421262519
13.787878787878789 84114.12032686183
14.090909090909093 85339.01414523245
14.393939393939394 86779.72070036185
14.696969696969699 88619.6237572924
15.0 86290.37823871234

-15.0 65206.74955233849
-14.696969696969697 64882.745787729924
-14.393939393939394 63844.74258555516
-14.09090909090909 62656.34709502056
-13.787878787878787 63992.7112604099
-13.484848484848484 64546.265483044925
-13.181818181818182 66009.96322755529
-12.878787878787879 63777.38023606001
-12.575757575757576 66390.97163423468
-12.272727272727273 66349.70381414403
-11.969696969696969 67089.88481496678
-11.666666666666666 66378.50102393342
-11.363636363636363 66366.19099895787
-11.06060606060606 65938.29041472176
-10.757575757575758 63936.24415439492
-10.454545454545453 66308.76138190455
-10.151515151515152 64484.177650392965
-9.848484848484848 63476.52589303359
-9.545454545454545 63340.53510007786
-9.242424242424242 64362.366113451804
-8.93939393939394 65645.00204055352
-8.636363636363637 65756.67109522436
-8.333333333333332 63726.98424822798
-8.030303030303031 64330.03291519857
-7.727272727272727 64517.0116621369
-7.424242424242424 63863.25273439828
-7.121212121212121 63262.78153943002
-6.818181818181818 62355.16047241708
-6.515151515151516 62361.982995752136
-6.212121212121211 62183.366069728094
-5.909090909090908 62104.40107274578
-5.6060606060606055 61003.99108608623
-5.303030303030303 59782.18876893122
-5.0 59977.41544842996
-4.696969696969697 59501.70836963166
-4.3939393939393945 59000.53771935243
-4.09090909090909 58972.33087591692
-3.787878787878787 58258.01973382172
-3.4848484848484844 58303.99921098059
-3.1818181818181817 57921.60696025198
-2.878787878787879 57765.87253258294
-2.575757575757576 58222.90070746828
-2.2727272727272716 58075.789373220636
-1.9696969696969688 57847.301669285545
-1.666666666666666 58081.89662346045
-1.3636363636363633 57360.54216799342
-1.0606060606060606 57614.912122796515
-0.7575757575757578 57265.97489574718
-0.45454545454545325 56856.12891937775
-0.1515151515151505 57301.737646492635
0.15151515151515227 57716.39459600208
0.45454545454545503 57190.59248507408
0.7575757575757578 57689.31689350955
1.0606060606060623 57338.106909174516
1.3636363636363633 57370.25227620168
1.6666666666666679 57571.81514427609
1.9696969696969688 57868.09555023807
2.2727272727272734 57844.84642080104
2.575757575757578 57561.65833686339
2.878787878787879 57753.23320434478
3.1818181818181834 57602.68857627602
3.4848484848484844 57514.49472340359
3.787878787878789 57884.87909992163
4.09090909090909 57361.81657711826
4.3939393939393945 57457.05576285349
4.696969696969699 57279.861369093
5.0 58028.17118679166
5.3030303030303045 57627.722368945535
5.6060606060606055 57992.80479216988
5.90909090909091 57996.62479023057
6.212121212121211 57782.37645636695
6.515151515151516 57937.16465413138
6.81818181818182 58257.12310397222
7.121212121212121 58148.18950096451
7.424242424242426 58148.96246451751
7.727272727272727 58377.86393283942
8.030303030303031 58391.088699663385
8.333333333333336 58926.832002878204
8.636363636363637 58331.22034851617
8.939393939393941 58383.532919885845
9.242424242424242 58811.114234306726
9.545454545454547 57842.94717915336
9.848484848484848 57562.39525015828
10.151515151515152 58122.52601784373
10.454545454545457 58450.533006917336
10.757575757575758 58731.10915781508
11.060606060606062 58363.51577973204
11.363636363636363 58568.20648552453
11.666666666666668 57913.039456328515
11.969696969696969 58214.521589886484
12.272727272727273 57689.53003258348
12.575757575757578 58426.26164172322
12.878787878787879 57774.842763450855
13.181818181818183 57778.41217446737
13.484848484848484 58432.8289153378
13.787878787878789 57795.76917922958
14.090909090909093 57972.32748414941
14.393939393939394 57501.57664867114
14.696969696969699 57764.62912806727
15.0 57234.99875751354

