s_d_bin s_d
-98.98989898989899 3.072038368828305e-06
-96.96969696969697 1.228815347531322e-06
-94.94949494949495 1.843223021296983e-06
-92.92929292929293 1.843223021296983e-06
-90.9090909090909 1.228815347531322e-06
-88.88888888888889 3.072038368828305e-06
-86.86868686868686 3.072038368828305e-06
-84.84848484848484 1.843223021296983e-06
-82.82828282828282 2.457630695062644e-06
-80.8080808080808 3.072038368828305e-06
-78.78787878787878 4.300853716359627e-06
-76.76767676767676 3.686446042593966e-06
-74.74747474747474 6.14407673765661e-06
-72.72727272727272 6.14407673765661e-06
-70.7070707070707 2.457630695062644e-06
-68.68686868686868 7.372892085187932e-06
-66.66666666666666 7.372892085187932e-06
-64.64646464646464 6.758484411422294e-06
-62.62626262626262 8.601707432719255e-06
-60.6060606060606 1.167374580154756e-05
-58.58585858585858 1.4745784170375864e-05
-56.56565656565656 1.4131376496610202e-05
-54.54545454545454 1.5360191844141527e-05
-52.525252525252526 2.1504268581798213e-05
-50.505050505050505 2.7648345319454746e-05
-48.484848484848484 2.8262752993220404e-05
-46.464646464646464 2.1504268581798135e-05
-44.44444444444444 4.239412948983061e-05
-42.42424242424242 4.423735251112759e-05
-40.4040404040404 4.177972181606495e-05
-38.38383838383838 7.557214387317631e-05
-36.36363636363636 5.4682282965143825e-05
-34.34343434343434 9.277555873861482e-05
-32.32323232323232 0.00011735186568924125
-30.303030303030297 0.00015667395681024355
-28.282828282828277 0.0002267164316195289
-26.262626262626256 0.0002998309447976426
-24.242424242424235 0.0003858480191248351
-22.222222222222214 0.0005511236833677979
-20.202020202020194 0.0007827553763774521
-18.181818181818173 0.001165531357133459
-16.161616161616152 0.001718498263522554
-14.141414141414131 0.0025946436063123864
-12.12121212121211 0.004131891606074071
-10.10101010101009 0.006458653466624629
-8.080808080808069 0.010397621063136282
-6.060606060606048 0.016974855210797682
-4.0404040404040344 0.029894005367068446
-2.0202020202020208 0.05196107137803572
0.0 0.08353240969448422
2.0202020202020208 0.0925986093285703
4.0404040404040416 0.06686905917428572
6.060606060606062 0.0429274353506592
8.080808080808083 0.027615167305071398
10.101010101010104 0.01748788561839201
12.121212121212125 0.011080842396363696
14.141414141414145 0.0071830401139943425
16.161616161616166 0.0047506001335560905
18.181818181818187 0.0032397716637663308
20.202020202020208 0.0022720795775854146
22.22222222222223 0.001661972757536113
24.24242424242425 0.0011636881341121619
26.26262626262627 0.0008927343499815054
28.28282828282829 0.0006076491893542387
30.30303030303031 0.0005210177073532806
32.32323232323233 0.00039690735725261703
34.34343434343435 0.00031273350594672146
36.363636363636374 0.000251907146243921
38.383838383838395 0.00021319946279668437
40.404040404040416 0.00015605954913647789
42.424242424242436 0.00013148324218585145
44.44444444444446 0.00010936456593028765
46.46464646464648 8.724588967472386e-05
48.4848484848485 8.233062828459857e-05
50.50505050505052 6.389839807162874e-05
52.52525252525254 5.529669063890949e-05
54.54545454545456 3.9322091121002305e-05
56.56565656565658 4.423735251112759e-05
58.5858585858586 2.641952997192342e-05
60.60606060606062 3.2563606709580036e-05
62.626262626262644 2.0889860908032474e-05
64.64646464646466 2.7648345319454746e-05
66.66666666666669 2.2733083929329457e-05
68.6868686868687 1.9046637886735492e-05
70.70707070707073 1.0444930454016237e-05
72.72727272727275 1.167374580154756e-05
74.74747474747477 1.0444930454016237e-05
76.76767676767679 8.601707432719255e-06
78.78787878787881 1.0444930454016237e-05
80.80808080808083 7.987299758953592e-06
82.82828282828285 7.987299758953592e-06
84.84848484848487 3.686446042593966e-06
86.8686868686869 5.529669063890949e-06
88.88888888888891 6.758484411422271e-06
90.90909090909093 6.14407673765661e-06
92.92929292929294 2.457630695062679e-06
94.94949494949495 2.457630695062644e-06
96.96969696969697 4.915261390125288e-06
98.98989898989899 4.300853716359627e-06

-98.98989898989899 4.414469650521152e-06
-96.96969696969697 1.103617412630288e-06
-94.94949494949495 1.103617412630288e-06
-92.92929292929293 2.207234825260576e-06
-90.9090909090909 6.6217044757817274e-06
-88.88888888888889 3.3108522378908637e-06
-86.86868686868686 4.414469650521152e-06
-84.84848484848484 3.3108522378908637e-06
-82.82828282828282 3.3108522378908637e-06
-80.8080808080808 9.93255671367259e-06
-78.78787878787878 9.93255671367259e-06
-76.76767676767676 6.6217044757817274e-06
-74.74747474747474 1.3243408951563455e-05
-72.72727272727272 1.7657878602084608e-05
-70.7070707070707 8.828939301042304e-06
-68.68686868686868 1.7657878602084608e-05
-66.66666666666666 2.096873083997547e-05
-64.64646464646464 1.4347026364193792e-05
-62.62626262626262 1.655426118945432e-05
-60.6060606060606 3.090128755364806e-05
-58.58585858585858 3.090128755364806e-05
-56.56565656565656 3.5315757204169215e-05
-54.54545454545454 4.966278356836296e-05
-52.525252525252526 4.304107909258138e-05
-50.505050505050505 6.511342734518699e-05
-48.484848484848484 5.5180870631514396e-05
-46.464646464646464 7.835683629675043e-05
-44.44444444444444 6.621704475781728e-05
-42.42424242424242 8.166768853464129e-05
-40.4040404040404 0.0001280196198651134
-38.38383838383838 0.0001655426118945432
-36.36363636363636 0.00019313304721030038
-34.34343434343434 0.00023175965665236045
-32.32323232323232 0.0003001839362354383
-30.303030303030297 0.00039730226854690367
-28.282828282828277 0.00047565910484365407
-26.262626262626256 0.0006279583077866338
-24.242424242424235 0.0008100551808706313
-22.222222222222214 0.0011069282648681787
-20.202020202020194 0.0015174739423666457
-18.181818181818173 0.0021487431023911705
-16.161616161616152 0.0030459840588595946
-14.141414141414131 0.004418884120171673
-12.12121212121211 0.00667247087676272
-10.10101010101009 0.010396076026977312
-8.080808080808069 0.01647480073574494
-6.060606060606048 0.026630288166768847
-4.0404040404040344 0.0414154506437771
-2.0202020202020208 0.05738258736971182
0.0 0.07405935009196811
2.0202020202020208 0.08706879215205393
4.0404040404040416 0.06303973022685468
6.060606060606062 0.036014347026364184
8.080808080808083 0.020696137339055787
10.101010101010104 0.01272470876762722
12.121212121212125 0.008106069895769464
14.141414141414145 0.0051627222562844865
16.161616161616166 0.003503985285101164
18.181818181818187 0.0024125076640098093
20.202020202020208 0.001575965665236051
22.22222222222223 0.0012217044757817286
24.24242424242425 0.0008828939301042303
26.26262626262627 0.0006820355610055179
28.28282828282829 0.0005153893316983445
30.30303030303031 0.0003840588595953402
32.32323232323233 0.0003057020232985897
34.34343434343435 0.00020637645616186382
36.363636363636374 0.00018099325567136722
38.383838383838395 0.00014788473329245858
40.404040404040416 0.00012360515021459225
42.424242424242436 0.00010374003678724706
44.44444444444446 9.491109748620475e-05
46.46464646464648 7.063151440833843e-05
48.4848484848485 7.614960147148985e-05
50.50505050505052 5.187001839362353e-05
52.52525252525254 3.8626609442060076e-05
54.54545454545456 3.8626609442060076e-05
56.56565656565658 3.200490496627835e-05
58.5858585858586 3.8626609442060076e-05
60.60606060606062 2.7590435315757198e-05
62.626262626262644 1.4347026364193741e-05
64.64646464646466 2.3175965665236045e-05
66.66666666666669 1.986511342734518e-05
68.6868686868687 1.545064377682403e-05
70.70707070707073 1.4347026364193741e-05
72.72727272727275 7.725321888412016e-06
74.74747474747477 1.1036174126302878e-05
76.76767676767679 8.828939301042304e-06
78.78787878787881 3.3108522378908637e-06
80.80808080808083 1.1036174126302878e-05
82.82828282828285 5.518087063151439e-06
84.84848484848487 5.518087063151439e-06
86.8686868686869 6.6217044757817274e-06
88.88888888888891 1.103617412630288e-06
90.90909090909093 7.725321888412016e-06
92.92929292929294 3.3108522378909103e-06
94.94949494949495 5.518087063151439e-06
96.96969696969697 2.207234825260576e-06
98.98989898989899 4.414469650521152e-06

-98.98989898989899 0.0
-96.96969696969697 3.5318040740608606e-06
-94.94949494949495 5.297706111091291e-06
-92.92929292929293 7.063608148121721e-06
-90.9090909090909 0.0
-88.88888888888889 5.297706111091291e-06
-86.86868686868686 3.5318040740608606e-06
-84.84848484848484 7.063608148121721e-06
-82.82828282828282 1.7659020370304303e-06
-80.8080808080808 5.297706111091291e-06
-78.78787878787878 3.5318040740608606e-06
-76.76767676767676 8.82951018515215e-06
-74.74747474747474 1.589311833327387e-05
-72.72727272727272 3.5318040740608606e-06
-70.7070707070707 1.589311833327387e-05
-68.68686868686868 1.589311833327387e-05
-66.66666666666666 1.942492240733473e-05
-64.64646464646464 1.7659020370304362e-05
-62.62626262626262 2.295672648139559e-05
-60.6060606060606 2.472262851842602e-05
-58.58585858585858 3.53180407406086e-05
-56.56565656565656 3.7083942777639035e-05
-54.54545454545454 3.355213870357817e-05
-52.525252525252526 4.9445257036852216e-05
-50.505050505050505 6.887017944418677e-05
-48.484848484848484 6.533837537012591e-05
-46.464646464646464 7.416788555527807e-05
-44.44444444444444 7.946559166636935e-05
-42.42424242424242 0.00011125182833291709
-40.4040404040404 0.00014480396703649528
-38.38383838383838 0.0001289108487032214
-36.36363636363636 0.00016776069351789085
-34.34343434343434 0.00017305839962898214
-32.32323232323232 0.0002666512075915949
-30.303030303030297 0.00035494630944311645
-28.282828282828277 0.0004944525703685205
-26.262626262626256 0.0006127680068495593
-24.242424242424235 0.0007681673861082371
-22.222222222222214 0.0010348185936998322
-20.202020202020194 0.0014268488459205874
-18.181818181818173 0.001903642395918804
-16.161616161616152 0.0027371481573971665
-14.141414141414131 0.0042363989868360015
-12.12121212121211 0.006452606043309192
-10.10101010101009 0.009975580607184899
-8.080808080808069 0.016668349327530228
-6.060606060606048 0.027058916913417278
-4.0404040404040344 0.042164442938175874
-2.0202020202020208 0.059302522207555906
0.0 0.07716815311619277
2.0202020202020208 0.07996534194284896
4.0404040404040416 0.06075585958403194
6.060606060606062 0.03885867432485461
8.080808080808083 0.022697138881952118
10.101010101010104 0.013175395098284038
12.121212121212125 0.007895348007563054
14.141414141414145 0.0047520423816488876
16.161616161616166 0.0033057686133209654
18.181818181818187 0.0021438050729549424
20.202020202020208 0.001728818094252791
22.22222222222223 0.001146070422032749
24.24242424242425 0.0008493988798116369
26.26262626262627 0.0006569155577753201
28.28282828282829 0.0005615568477756769
30.30303030303031 0.0003884984481466946
32.32323232323233 0.000377903035924512
34.34343434343435 0.00025958759944347325
36.363636363636374 0.00023133316685098636
38.383838383838395 0.0001818879098141343
40.404040404040416 0.00011654953444400837
42.424242424242436 0.00013067675074025182
44.44444444444446 9.006100388855193e-05
46.46464646464648 9.006100388855193e-05
48.4848484848485 7.946559166636935e-05
50.50505050505052 7.06360814812172e-05
52.52525252525254 6.004066925903462e-05
54.54545454545456 4.591345296279118e-05
56.56565656565658 5.827476722200419e-05
58.5858585858586 5.2977061110912904e-05
60.60606060606062 3.178623666654774e-05
62.626262626262644 3.002033462951731e-05
64.64646464646466 3.002033462951731e-05
66.66666666666669 3.002033462951731e-05
68.6868686868687 1.942492240733473e-05
70.70707070707073 2.8254432592486884e-05
72.72727272727275 1.4127216296243442e-05
74.74747474747477 1.4127216296243442e-05
76.76767676767679 8.82951018515215e-06
78.78787878787881 1.4127216296243442e-05
80.80808080808083 7.063608148121721e-06
82.82828282828285 7.063608148121721e-06
84.84848484848487 8.82951018515215e-06
86.8686868686869 1.236131425921301e-05
88.88888888888891 7.063608148121721e-06
90.90909090909093 7.063608148121721e-06
92.92929292929294 5.297706111091365e-06
94.94949494949495 1.7659020370304303e-06
96.96969696969697 1.0595412222182581e-05
98.98989898989899 3.5318040740608606e-06

-98.98989898989899 2.0993701889433165e-06
-96.96969696969697 2.0993701889433165e-06
-94.94949494949495 2.0993701889433165e-06
-92.92929292929293 2.0993701889433165e-06
-90.9090909090909 0.0
-88.88888888888889 2.0993701889433165e-06
-86.86868686868686 8.397480755773266e-06
-84.84848484848484 4.198740377886633e-06
-82.82828282828282 0.0
-80.8080808080808 6.2981105668299495e-06
-78.78787878787878 4.198740377886633e-06
-76.76767676767676 4.198740377886633e-06
-74.74747474747474 1.4695591322603215e-05
-72.72727272727272 2.0993701889433165e-06
-70.7070707070707 4.198740377886633e-06
-68.68686868686868 1.0496850944716582e-05
-66.66666666666666 6.2981105668299495e-06
-64.64646464646464 6.2981105668299715e-06
-62.62626262626262 1.6794961511546532e-05
-60.6060606060606 1.6794961511546532e-05
-58.58585858585858 1.6794961511546532e-05
-56.56565656565656 1.6794961511546532e-05
-54.54545454545454 2.5192442267319798e-05
-52.525252525252526 3.568929321203651e-05
-50.505050505050505 3.3589923023093064e-05
-48.484848484848484 3.568929321203638e-05
-46.464646464646464 4.618614415675296e-05
-44.44444444444444 4.618614415675296e-05
-42.42424242424242 7.557732680195938e-05
-40.4040404040404 7.137858642407276e-05
-38.38383838383838 7.977606717984603e-05
-36.36363636363636 0.0001154653603918824
-34.34343434343434 0.00013435969209237225
-32.32323232323232 0.00020993701889433165
-30.303030303030297 0.0002687193841847445
-28.282828282828277 0.00028551434569629104
-26.262626262626256 0.00042617214835549325
-24.242424242424235 0.0004702589223233029
-22.222222222222214 0.0007536738978306506
-20.202020202020194 0.0008733379986004195
-18.181818181818173 0.0013561931420573825
-16.161616161616152 0.001805458362491252
-14.141414141414131 0.0026305108467459754
-12.12121212121211 0.004053883834849544
-10.10101010101009 0.006753673897830648
-8.080808080808069 0.012550034989503146
-6.060606060606048 0.02552414275717284
-4.0404040404040344 0.049765570328901665
-2.0202020202020208 0.0756843946815955
0.0 0.08204128761371587
2.0202020202020208 0.06412946116165148
4.0404040404040416 0.047082575227431755
6.060606060606062 0.033529041287613706
8.080808080808083 0.023538138558432464
10.101010101010104 0.016904128761371585
12.121212121212125 0.011630510846745974
14.141414141414145 0.008277816655003496
16.161616161616166 0.006100769769069278
18.181818181818187 0.004297410776766969
20.202020202020208 0.003046186144156752
22.22222222222223 0.002206438068579426
24.24242424242425 0.001784464660601819
26.26262626262627 0.0012260321903428968
28.28282828282829 0.0009258222533240025
30.30303030303031 0.0006948915325402377
32.32323232323233 0.0005794261721483553
34.34343434343435 0.00044506648005598307
36.363636363636374 0.0003275017494751574
38.383838383838395 0.0003023093072078375
40.404040404040416 0.00022463261021693484
42.424242424242436 0.00019944016794961505
44.44444444444446 0.00016794961511546532
46.46464646464648 0.0001406578026592022
48.4848484848485 0.00010076976906927919
50.50505050505052 0.0001028691392582225
52.52525252525254 7.76766969909027e-05
54.54545454545456 6.088173547935617e-05
56.56565656565658 4.618614415675296e-05
58.5858585858586 6.29811056682995e-05
60.60606060606062 3.988803358992301e-05
62.626262626262644 4.618614415675296e-05
64.64646464646466 3.778866340097969e-05
66.66666666666669 4.828551434569627e-05
68.6868686868687 4.828551434569627e-05
70.70707070707073 2.0993701889433165e-05
72.72727272727275 1.8894331700489845e-05
74.74747474747477 3.568929321203638e-05
76.76767676767679 3.149055283414975e-05
78.78787878787881 2.0993701889433165e-05
80.80808080808083 8.397480755773266e-06
82.82828282828285 2.729181245626311e-05
84.84848484848487 2.5192442267319798e-05
86.8686868686869 1.4695591322603215e-05
88.88888888888891 1.0496850944716582e-05
90.90909090909093 8.397480755773266e-06
92.92929292929294 1.2596221133660077e-05
94.94949494949495 6.2981105668299495e-06
96.96969696969697 1.4695591322603215e-05
98.98989898989899 1.0496850944716582e-05

-98.98989898989899 0.0
-96.96969696969697 0.0
-94.94949494949495 0.0
-92.92929292929293 7.70007357848086e-07
-90.9090909090909 0.0
-88.88888888888889 0.0
-86.86868686868686 7.70007357848086e-07
-84.84848484848484 1.540014715696172e-06
-82.82828282828282 1.540014715696172e-06
-80.8080808080808 7.70007357848086e-07
-78.78787878787878 1.540014715696172e-06
-76.76767676767676 7.70007357848086e-07
-74.74747474747474 2.310022073544258e-06
-72.72727272727272 1.540014715696172e-06
-70.7070707070707 1.540014715696172e-06
-68.68686868686868 7.70007357848086e-07
-66.66666666666666 1.540014715696172e-06
-64.64646464646464 3.0800294313923544e-06
-62.62626262626262 5.390051504936601e-06
-60.6060606060606 6.160058862784688e-06
-58.58585858585858 5.390051504936601e-06
-56.56565656565656 8.470080936328945e-06
-54.54545454545454 1.1550110367721289e-05
-52.525252525252526 1.3090125083417507e-05
-50.505050505050505 1.0010095652025116e-05
-48.484848484848484 1.8480176588354063e-05
-46.464646464646464 2.541024280898683e-05
-44.44444444444444 2.618025016683492e-05
-42.42424242424242 3.234030902961961e-05
-40.4040404040404 5.544052976506218e-05
-38.38383838383838 6.160058862784687e-05
-36.36363636363636 6.54506254170873e-05
-34.34343434343434 0.00010087096387809926
-32.32323232323232 0.00012243116989784568
-30.303030303030297 0.00014091134648619972
-28.282828282828277 0.00016940161872657888
-26.262626262626256 0.00022638216320733728
-24.242424242424235 0.00034727331838948675
-22.222222222222214 0.00041272394380657406
-20.202020202020194 0.000529765062199483
-18.181818181818173 0.0007476771444704914
-16.161616161616152 0.001128830786605294
-14.141414141414131 0.0016008452969661707
-12.12121212121211 0.0025148440307318485
-10.10101010101009 0.003920877466162454
-8.080808080808069 0.008058897007238067
-6.060606060606048 0.02175193785185058
-4.0404040404040344 0.04867062507486215
-2.0202020202020208 0.07019079071200011
0.0 0.07088995739292618
2.0202020202020208 0.059536968908814
4.0404040404040416 0.04868294519258738
6.060606060606062 0.03960455844355845
8.080808080808083 0.03072252357078078
10.101010101010104 0.02238257387792816
12.121212121212125 0.016129344124843854
14.141414141414145 0.011351448469396482
16.161616161616166 0.008152837904895533
18.181818181818187 0.0058543659417189964
20.202020202020208 0.004251980630037131
22.22222222222223 0.0031547201451036077
24.24242424242425 0.002520234082236785
26.26262626262627 0.0018757379237179374
28.28282828282829 0.0014822641638575654
30.30303030303031 0.0012312417651990893
32.32323232323233 0.000977139337109221
34.34343434343435 0.0007961876080149208
36.363636363636374 0.0006059957906264436
38.383838383838395 0.0005628753785869509
40.404040404040416 0.0004365941718998647
42.424242424242436 0.00037114354648277737
44.44444444444446 0.0003280231344432846
46.46464646464648 0.00027104258996252624
48.4848484848485 0.0002233021337759449
50.50505050505052 0.00018480176588354062
52.52525252525254 0.00016632158929518655
54.54545454545456 0.0001640115672216423
56.56565656565658 0.00012243116989784568
58.5858585858586 0.00011935114046645332
60.60606060606062 8.778083879468179e-05
62.626262626262644 9.625091973101075e-05
64.64646464646466 8.932085351037795e-05
66.66666666666669 6.54506254170873e-05
68.6868686868687 6.853065484847964e-05
70.70707070707073 4.697044882873324e-05
72.72727272727275 5.236050033366984e-05
74.74747474747477 3.850036789240429e-05
76.76767676767679 4.5430434113037066e-05
78.78787878787881 3.6960353176708126e-05
80.80808080808083 2.618025016683492e-05
82.82828282828285 2.9260279598227266e-05
84.84848484848487 1.3860132441265545e-05
86.8686868686869 3.1570301671771525e-05
88.88888888888891 3.0030286956075352e-05
90.90909090909093 2.3100220735442578e-05
92.92929292929294 1.9250183946202417e-05
94.94949494949495 1.9250183946202146e-05
96.96969696969697 1.694016187265789e-05
98.98989898989899 1.1550110367721289e-05

