s_d_bin lambda_cond_mean
-15.0 -95894.63328241135
-14.696969696969697 -100442.46460062507
-14.393939393939394 -104221.28711911038
-14.09090909090909 -106631.7204660427
-13.787878787878787 -108436.82201105426
-13.484848484848484 -101876.8763638934
-13.181818181818182 -102489.65220487169
-12.878787878787879 -103507.91594290144
-12.575757575757576 -101459.37787989149
-12.272727272727273 -99481.95621982854
-11.969696969696969 -100441.14272178835
-11.666666666666666 -97109.80446573776
-11.363636363636363 -98060.48138869656
-11.06060606060606 -98945.47966785374
-10.757575757575758 -102668.20510818528
-10.454545454545453 -107331.41176833425
-10.151515151515152 -101298.90892002037
-9.848484848484848 -95388.5254893283
-9.545454545454545 -98551.38351841271
-9.242424242424242 -99655.61009893766
-8.93939393939394 -94872.82168266157
-8.636363636363637 -97606.69596994905
-8.333333333333332 -97333.03180777606
-8.030303030303031 -99585.07274499355
-7.727272727272727 -96390.55705517992
-7.424242424242424 -95407.69943155108
-7.121212121212121 -96252.81829385315
-6.818181818181818 -96927.63413238389
-6.515151515151516 -96526.5946849451
-6.212121212121211 -93049.03978452267
-5.909090909090908 -91516.18684683926
-5.6060606060606055 -92067.30373429136
-5.303030303030303 -94243.58310150457
-5.0 -94489.70907379883
-4.696969696969697 -91969.02986710588
-4.3939393939393945 -90097.72471235233
-4.09090909090909 -89893.93471619973
-3.787878787878787 -91013.42806413521
-3.4848484848484844 -88442.81167334985
-3.1818181818181817 -87578.69354369598
-2.878787878787879 -87480.01716948705
-2.575757575757576 -86603.60095814675
-2.2727272727272716 -85745.12604270672
-1.9696969696969688 -86650.06018246956
-1.666666666666666 -85864.9748001723
-1.3636363636363633 -85079.73355989407
-1.0606060606060606 -84625.84090731885
-0.7575757575757578 -84239.45670778074
-0.45454545454545325 -84406.93395767786
-0.1515151515151505 -84294.28581371902
0.15151515151515227 -84887.8874823934
0.45454545454545503 -85179.69954450843
0.7575757575757578 -84270.85753810975
1.0606060606060623 -84119.81883144825
1.3636363636363633 -82893.2447059706
1.6666666666666679 -81301.93516077491
1.9696969696969688 -81458.87406854515
2.2727272727272734 -81722.7604212049
2.575757575757578 -82097.28061773382
2.878787878787879 -83668.20203808446
3.1818181818181834 -85399.93031372245
3.4848484848484844 -87497.53041842804
3.787878787878789 -88679.63497979587
4.09090909090909 -91160.15724803238
4.3939393939393945 -94018.71993694094
4.696969696969699 -96213.42863270096
5.0 -97966.83792277129
5.3030303030303045 -99039.9001397659
5.6060606060606055 -100972.24964162514
5.90909090909091 -103436.06285874864
6.212121212121211 -102825.38929239636
6.515151515151516 -107458.65901831914
6.81818181818182 -106808.40781089319
7.121212121212121 -106987.14538741512
7.424242424242426 -109208.21227488977
7.727272727272727 -110891.43216744569
8.030303030303031 -110780.40017315935
8.333333333333336 -112431.48724629715
8.636363636363637 -114482.06927865327
8.939393939393941 -114602.67999944091
9.242424242424242 -115122.19161535155
9.545454545454547 -116223.34041786
9.848484848484848 -114993.62687413428
10.151515151515152 -116184.79860985998
10.454545454545457 -114089.30081196051
10.757575757575758 -117646.9692317575
11.060606060606062 -115056.49754347025
11.363636363636363 -111433.8466959845
11.666666666666668 -115957.52591239795
11.969696969696969 -117809.21029214664
12.272727272727273 -116981.28974854833
12.575757575757578 -115665.54005787305
12.878787878787879 -116822.69769432332
13.181818181818183 -114904.7584251837
13.484848484848484 -115289.09436377398
13.787878787878789 -113874.9045492379
14.090909090909093 -114687.83091895145
14.393939393939394 -115312.65898078673
14.696969696969699 -116761.26287262558
15.0 -115970.85759336039

-15.0 -112695.47514329609
-14.696969696969697 -108324.29983799323
-14.393939393939394 -115939.86869160576
-14.09090909090909 -109396.73136853462
-13.787878787878787 -108924.55675036888
-13.484848484848484 -117335.5616915496
-13.181818181818182 -117223.4996383885
-12.878787878787879 -119132.00701870405
-12.575757575757576 -116125.72827408076
-12.272727272727273 -114948.97393856494
-11.969696969696969 -112777.49674217138
-11.666666666666666 -110164.86068007097
-11.363636363636363 -116776.86106507183
-11.06060606060606 -114169.29903374033
-10.757575757575758 -119779.41558608756
-10.454545454545453 -118195.44020049988
-10.151515151515152 -117208.80263696941
-9.848484848484848 -121856.53836016238
-9.545454545454545 -121875.31401202016
-9.242424242424242 -116159.33205869679
-8.93939393939394 -115723.23963533637
-8.636363636363637 -118688.1851824274
-8.333333333333332 -120814.66890379047
-8.030303030303031 -117565.42817291223
-7.727272727272727 -119351.73156903697
-7.424242424242424 -124079.22578183352
-7.121212121212121 -117101.86075923612
-6.818181818181818 -119908.97265556153
-6.515151515151516 -116108.52926509657
-6.212121212121211 -115425.82467243145
-5.909090909090908 -116265.2243850287
-5.6060606060606055 -119685.95321423713
-5.303030303030303 -116232.13735972953
-5.0 -117128.28941211119
-4.696969696969697 -119736.01550840898
-4.3939393939393945 -117905.38269280198
-4.09090909090909 -116695.9159446866
-3.787878787878787 -117990.32721212746
-3.4848484848484844 -116268.69117601715
-3.1818181818181817 -114922.76321901641
-2.878787878787879 -115518.68831060256
-2.575757575757576 -113583.60847502961
-2.2727272727272716 -113075.43966172093
-1.9696969696969688 -112051.3928147155
-1.666666666666666 -110344.04798728418
-1.3636363636363633 -109790.6280122428
-1.0606060606060606 -108761.02799990636
-0.7575757575757578 -108500.60917521403
-0.45454545454545325 -105783.96928068489
-0.1515151515151505 -106206.39225655621
0.15151515151515227 -103245.43171822555
0.45454545454545503 -103132.99043968655
0.7575757575757578 -100991.48850070401
1.0606060606060623 -98600.23147158959
1.3636363636363633 -97071.55832409493
1.6666666666666679 -94581.31061611758
1.9696969696969688 -93129.9423804171
2.2727272727272734 -89108.64622668031
2.575757575757578 -88104.87970093494
2.878787878787879 -86067.70773752891
3.1818181818181834 -83830.32993310154
3.4848484848484844 -82216.35831443037
3.787878787878789 -82312.28059192024
4.09090909090909 -82562.3294521847
4.3939393939393945 -84152.876142314
4.696969696969699 -85319.11659339732
5.0 -88079.92455218176
5.3030303030303045 -89585.8297272537
5.6060606060606055 -89850.85162271166
5.90909090909091 -91841.83210379852
6.212121212121211 -94603.80543235215
6.515151515151516 -94932.43655103326
6.81818181818182 -97126.78663511395
7.121212121212121 -95893.09559555854
7.424242424242426 -99704.89231772005
7.727272727272727 -99801.60879670044
8.030303030303031 -103220.99909435032
8.333333333333336 -103938.56405434858
8.636363636363637 -105802.87371099666
8.939393939393941 -104623.70103591905
9.242424242424242 -103639.02722684987
9.545454545454547 -107490.35042740649
9.848484848484848 -105332.9868674264
10.151515151515152 -105919.30344936212
10.454545454545457 -108763.02240567897
10.757575757575758 -109713.01286560358
11.060606060606062 -108208.8162870566
11.363636363636363 -108189.37626818317
11.666666666666668 -111174.71782762709
11.969696969696969 -110275.99297927413
12.272727272727273 -112952.52926025414
12.575757575757578 -115128.08191718359
12.878787878787879 -112321.43797062074
13.181818181818183 -111591.15179133583
13.484848484848484 -111417.11267601447
13.787878787878789 -118493.34423216303
14.090909090909093 -111237.74835205569
14.393939393939394 -113141.06690669853
14.696969696969699 -115513.61380923512
15.0 -115459.53966265908

-15.0 -147400.20681641606
-14.696969696969697 -146322.84889899837
-14.393939393939394 -143611.64626107537
-14.09090909090909 -150898.69958940928
-13.787878787878787 -146240.37119403033
-13.484848484848484 -140427.1253417156
-13.181818181818182 -144178.09300882774
-12.878787878787879 -145818.61870120378
-12.575757575757576 -145213.3753625478
-12.272727272727273 -143429.27485060788
-11.969696969696969 -141079.05537220053
-11.666666666666666 -141938.8218375842
-11.363636363636363 -138940.9244885706
-11.06060606060606 -139049.94739445517
-10.757575757575758 -136897.37306589703
-10.454545454545453 -136789.1492816452
-10.151515151515152 -133266.34103535983
-9.848484848484848 -133202.2351085728
-9.545454545454545 -133233.75068547626
-9.242424242424242 -131950.45004679394
-8.93939393939394 -126844.27445768648
-8.636363636363637 -128984.92063364951
-8.333333333333332 -127240.71709631711
-8.030303030303031 -126889.14081556305
-7.727272727272727 -120897.63539708668
-7.424242424242424 -121403.87183830484
-7.121212121212121 -120764.51216413804
-6.818181818181818 -120119.77855271324
-6.515151515151516 -117548.41752722365
-6.212121212121211 -116438.79921994208
-5.909090909090908 -114705.98869844114
-5.6060606060606055 -112821.92022200338
-5.303030303030303 -112667.00834110251
-5.0 -109197.33163765591
-4.696969696969697 -109051.13036010622
-4.3939393939393945 -106580.75141660486
-4.09090909090909 -103899.43400812102
-3.787878787878787 -103179.61942944712
-3.4848484848484844 -102331.13526655146
-3.1818181818181817 -100475.28580543863
-2.878787878787879 -99549.30463913236
-2.575757575757576 -95844.14799463456
-2.2727272727272716 -96090.44479617171
-1.9696969696969688 -94932.8601122637
-1.666666666666666 -93774.40806069472
-1.3636363636363633 -92926.86879052293
-1.0606060606060606 -92329.5029997906
-0.7575757575757578 -91629.12512152211
-0.45454545454545325 -90058.11955540559
-0.1515151515151505 -88454.14910399655
0.15151515151515227 -87615.4091383681
0.45454545454545503 -86491.00288386535
0.7575757575757578 -86316.65496568228
1.0606060606060623 -83587.49816293792
1.3636363636363633 -83936.08063593598
1.6666666666666679 -82280.7665258069
1.9696969696969688 -81618.76472144635
2.2727272727272734 -81018.67929093138
2.575757575757578 -79749.34206000771
2.878787878787879 -78368.47291596817
3.1818181818181834 -77549.14148834119
3.4848484848484844 -76518.11276478843
3.787878787878789 -76030.18473183195
4.09090909090909 -75297.73632789227
4.3939393939393945 -74306.63019863078
4.696969696969699 -74435.98568852959
5.0 -72804.19979162574
5.3030303030303045 -72201.08092114529
5.6060606060606055 -73646.98551701296
5.90909090909091 -71730.26408343484
6.212121212121211 -72020.85870607401
6.515151515151516 -73166.15975672862
6.81818181818182 -71802.60435749787
7.121212121212121 -71226.51608102248
7.424242424242426 -72215.70150901607
7.727272727272727 -72949.87731477444
8.030303030303031 -73695.84588254728
8.333333333333336 -74409.42327517254
8.636363636363637 -76180.52573993317
8.939393939393941 -75131.71755791623
9.242424242424242 -74960.126290012
9.545454545454547 -76416.40921276745
9.848484848484848 -74818.41966692751
10.151515151515152 -74665.1178926835
10.454545454545457 -76490.13707368524
10.757575757575758 -75487.7172735142
11.060606060606062 -75515.23858046177
11.363636363636363 -75991.52762747316
11.666666666666668 -74893.45786025542
11.969696969696969 -74238.26069582198
12.272727272727273 -71649.50355422312
12.575757575757578 -73122.23270221066
12.878787878787879 -76060.9232993848
13.181818181818183 -74614.09464432238
13.484848484848484 -75261.86510896952
13.787878787878789 -71827.58897386953
14.090909090909093 -75732.27639592107
14.393939393939394 -75125.14700671057
14.696969696969699 -74757.35725747661
15.0 -77649.27367982308

-15.0 -126476.88343126679
-14.696969696969697 -114440.70717250154
-14.393939393939394 -114287.81232906792
-14.09090909090909 -116755.70626228422
-13.787878787878787 -113853.77261546125
-13.484848484848484 -118244.68740397129
-13.181818181818182 -115419.71701374388
-12.878787878787879 -113769.60606995906
-12.575757575757576 -118805.39434531392
-12.272727272727273 -111637.38714339709
-11.969696969696969 -115455.58429482122
-11.666666666666666 -112616.83452601622
-11.363636363636363 -118821.55865318044
-11.06060606060606 -112655.91689278554
-10.757575757575758 -116382.88012749885
-10.454545454545453 -116819.06872995816
-10.151515151515152 -113169.80529227467
-9.848484848484848 -114335.02766977844
-9.545454545454545 -114764.66954426047
-9.242424242424242 -114325.45382196705
-8.93939393939394 -115111.91865668746
-8.636363636363637 -112929.78757272517
-8.333333333333332 -110917.95545601468
-8.030303030303031 -109997.12628742453
-7.727272727272727 -107882.73814055204
-7.424242424242424 -107078.9150955693
-7.121212121212121 -106675.20923057546
-6.818181818181818 -103916.1806615993
-6.515151515151516 -104053.18799289485
-6.212121212121211 -99805.65531951295
-5.909090909090908 -100751.96313626862
-5.6060606060606055 -99059.52165451813
-5.303030303030303 -95827.65166396016
-5.0 -96525.80168231265
-4.696969696969697 -92891.67701073724
-4.3939393939393945 -93144.39829701983
-4.09090909090909 -90327.51203732639
-3.787878787878787 -89950.91458305874
-3.4848484848484844 -87812.75768500546
-3.1818181818181817 -86586.62054484618
-2.878787878787879 -83894.46384492693
-2.575757575757576 -83838.30194147132
-2.2727272727272716 -82921.65956303626
-1.9696969696969688 -80935.32804543486
-1.666666666666666 -80978.96341507001
-1.3636363636363633 -79792.76505863055
-1.0606060606060606 -79131.84096598391
-0.7575757575757578 -78225.4221956275
-0.45454545454545325 -78449.90326046328
-0.1515151515151505 -76540.29760473521
0.15151515151515227 -77268.61974338948
0.45454545454545503 -76321.2600980213
0.7575757575757578 -78354.49647314397
1.0606060606060623 -76938.7616770622
1.3636363636363633 -75912.16972554775
1.6666666666666679 -74579.91815425652
1.9696969696969688 -75285.28061372472
2.2727272727272734 -74330.14204088016
2.575757575757578 -73112.99212730916
2.878787878787879 -72411.18665698971
3.1818181818181834 -72986.33767151472
3.4848484848484844 -72165.6321819978
3.787878787878789 -70620.81019361076
4.09090909090909 -70529.79475918354
4.3939393939393945 -70050.06157164983
4.696969696969699 -68533.18464409813
5.0 -69103.32534829526
5.3030303030303045 -68317.66903114608
5.6060606060606055 -69280.71365209413
5.90909090909091 -67077.6031846628
6.212121212121211 -66840.91287526028
6.515151515151516 -65737.85800302125
6.81818181818182 -64312.20302697642
7.121212121212121 -65698.90492917887
7.424242424242426 -63398.31753132387
7.727272727272727 -64634.359922054886
8.030303030303031 -63688.909592452976
8.333333333333336 -63112.87726745531
8.636363636363637 -61965.77045130147
8.939393939393941 -62074.40104872583
9.242424242424242 -61598.56816005089
9.545454545454547 -61014.9666097209
9.848484848484848 -59861.52239504536
10.151515151515152 -61664.427765474444
10.454545454545457 -61298.00982275436
10.757575757575758 -60684.30675058015
11.060606060606062 -58783.86523225207
11.363636363636363 -59633.83931397765
11.666666666666668 -61615.48051467434
11.969696969696969 -61492.51401641847
12.272727272727273 -60170.796725391716
12.575757575757578 -59195.269507897494
12.878787878787879 -60083.298948088115
13.181818181818183 -60789.76121235651
13.484848484848484 -61177.3129872557
13.787878787878789 -60733.87417065836
14.090909090909093 -59636.35713920401
14.393939393939394 -60699.712987147934
14.696969696969699 -61768.23654176291
15.0 -60367.75010783903

-15.0 -81432.49448303062
-14.696969696969697 -78866.0856938516
-14.393939393939394 -80349.393199919
-14.09090909090909 -74687.5404717843
-13.787878787878787 -77525.08501272308
-13.484848484848484 -81250.67941720861
-13.181818181818182 -81102.88578533274
-12.878787878787879 -80284.07973327997
-12.575757575757576 -85923.40812421385
-12.272727272727273 -86989.0289775197
-11.969696969696969 -88294.7472732067
-11.666666666666666 -86629.62184963207
-11.363636363636363 -90808.94682619846
-11.06060606060606 -90117.64746212513
-10.757575757575758 -88832.96395788479
-10.454545454545453 -93542.46438472757
-10.151515151515152 -90548.60179009203
-9.848484848484848 -90549.06202043094
-9.545454545454545 -90088.2186403689
-9.242424242424242 -92151.58996613431
-8.93939393939394 -93708.27599331024
-8.636363636363637 -95788.65016395638
-8.333333333333332 -91598.26973478305
-8.030303030303031 -92366.48590912548
-7.727272727272727 -90557.12070057698
-7.424242424242424 -89376.47439784359
-7.121212121212121 -87566.75043663692
-6.818181818181818 -85065.54237406055
-6.515151515151516 -84124.00363160389
-6.212121212121211 -83406.78341899798
-5.909090909090908 -82410.52215079412
-5.6060606060606055 -80126.11494290111
-5.303030303030303 -78051.82354507086
-5.0 -77187.63889156638
-4.696969696969697 -75622.81622162226
-4.3939393939393945 -74570.297405968
-4.09090909090909 -73397.3100270001
-3.787878787878787 -71944.93241055879
-3.4848484848484844 -71019.27321769076
-3.1818181818181817 -69833.15785868836
-2.878787878787879 -68956.3985920341
-2.575757575757576 -68862.8528490211
-2.2727272727272716 -68210.86960917563
-1.9696969696969688 -67540.89769614194
-1.666666666666666 -67666.7933338673
-1.3636363636363633 -66329.24110007093
-1.0606060606060606 -66582.40166059116
-0.7575757575757578 -65936.57114448506
-0.45454545454545325 -65347.45342732197
-0.1515151515151505 -65632.69229857768
0.15151515151515227 -65990.77386034542
0.45454545454545503 -65385.47700464286
0.7575757575757578 -65948.90651162951
1.0606060606060623 -65302.74944293249
1.3636363636363633 -64875.95152406126
1.6666666666666679 -65409.232908369886
1.9696969696969688 -65349.617901380916
2.2727272727272734 -65290.602250400545
2.575757575757578 -64416.250987010266
2.878787878787879 -64612.202118247114
3.1818181818181834 -64013.61325287432
3.4848484848484844 -63908.444784409854
3.787878787878789 -63557.04861985306
4.09090909090909 -62889.09828233723
4.3939393939393945 -62512.42447519002
4.696969696969699 -62073.54575005924
5.0 -62367.94463708476
5.3030303030303045 -61874.86256297991
5.6060606060606055 -62228.66747914581
5.90909090909091 -61429.919689309376
6.212121212121211 -61381.78996096846
6.515151515151516 -61477.46741332497
6.81818181818182 -61481.82626952769
7.121212121212121 -61043.25087332832
7.424242424242426 -60633.199651530726
7.727272727272727 -60790.853157088546
8.030303030303031 -60836.96293322598
8.333333333333336 -61445.77564795598
8.636363636363637 -60889.761569787894
8.939393939393941 -60752.16113525347
9.242424242424242 -61125.37027821748
9.545454545454547 -59860.64551472772
9.848484848484848 -59684.74951368027
10.151515151515152 -60345.95725980634
10.454545454545457 -60523.464889791925
10.757575757575758 -61222.97024338101
11.060606060606062 -60550.35529227862
11.363636363636363 -60314.67451823133
11.666666666666668 -60136.23384939783
11.969696969696969 -60636.030167363475
12.272727272727273 -59998.00402656678
12.575757575757578 -60706.32571860438
12.878787878787879 -60040.92859717282
13.181818181818183 -60243.61821864684
13.484848484848484 -60669.72876787439
13.787878787878789 -60496.1510643365
14.090909090909093 -60771.28479875038
14.393939393939394 -60487.449939629514
14.696969696969699 -61000.53728638925
15.0 -60730.24312740067

