lambda_bin lambda_pdf
-994974.8743718592 0.0
-984924.623115578 0.0
-974874.3718592965 0.0
-964824.1206030152 0.0
-954773.8693467337 0.0
-944723.6180904522 0.0
-934673.3668341709 0.0
-924623.1155778894 0.0
-914572.8643216081 0.0
-904522.6130653266 0.0
-894472.3618090453 0.0
-884422.1105527638 0.0
-874371.8592964825 0.0
-864321.608040201 0.0
-854271.3567839195 0.0
-844221.1055276382 0.0
-834170.8542713567 0.0
-824120.6030150754 0.0
-814070.3517587939 0.0
-804020.1005025127 0.0
-793969.8492462311 0.0
-783919.5979899499 0.0
-773869.3467336684 0.0
-763819.095477387 0.0
-753768.8442211056 0.0
-743718.592964824 0.0
-733668.3417085428 0.0
-723618.0904522613 0.0
-713567.83919598 0.0
-703517.5879396985 0.0
-693467.3366834171 0.0
-683417.0854271357 0.0
-673366.8341708543 0.0
-663316.5829145729 0.0
-653266.3316582914 0.0
-643216.0804020101 0.0
-633165.8291457286 0.0
-623115.5778894473 0.0
-613065.3266331658 0.0
-603015.0753768844 0.0
-592964.824120603 0.0
-582914.5728643216 0.0
-572864.3216080402 0.0
-562814.0703517587 0.0
-552763.8190954775 0.0
-542713.567839196 0.0
-532663.3165829147 0.0
-522613.0653266332 7.418049194712991e-11
-512562.8140703518 7.418049194712948e-11
-502512.5628140704 7.418049194712991e-11
-492462.311557789 1.4836098389425981e-10
-482412.0603015076 3.7090245973564955e-10
-472361.8090452262 4.4508295168277693e-10
-462311.55778894474 9.643463953126888e-10
-452261.30653266335 2.0028732825725076e-09
-442211.05527638196 2.9672196778851964e-09
-432160.80402010056 4.0799270570921455e-09
-422110.55276381917 4.747551484616314e-09
-412060.3015075378 6.305341815506043e-09
-402010.0502512563 9.569283461179647e-09
-391959.7989949749 1.4020112978007553e-08
-381909.5477386935 1.5281181341108762e-08
-371859.2964824121 2.2328328076086103e-08
-361809.0452261307 3.033982120637613e-08
-351758.7939698493 3.916729974808459e-08
-341708.5427135679 5.177798337909668e-08
-331658.2914572865 6.691080373631118e-08
-321608.0402010051 8.60493706586707e-08
-311557.78894472367 1.0904532316227971e-07
-301507.5376884422 1.3048348533500153e-07
-291457.2864321608 1.6749955081661932e-07
-281407.0351758794 2.0933734827480063e-07
-271356.78391959803 2.558485167256511e-07
-261306.53266331664 3.0191460222481874e-07
-251256.28140703525 3.808426456565649e-07
-241206.03015075385 4.6288626975009066e-07
-231155.77889447246 5.523479430383293e-07
-221105.527638191 6.901011165841415e-07
-211055.27638190956 8.165046748620589e-07
-201005.02512562816 9.745833032013927e-07
-190954.77386934677 1.1713841483371284e-06
-180904.52261306538 1.437247031475642e-06
-170854.27135678398 1.7567424102919305e-06
-160804.0201005026 2.1165919767274576e-06
-150753.7688442212 2.6040319893120485e-06
-140703.5175879398 3.1515582003738143e-06
-130653.26633165835 3.871628235704559e-06
-120603.0150753769 4.727003488346959e-06
-110552.7638190955 5.644987076192693e-06
-100502.51256281411 6.672980333596018e-06
-90452.26130653272 7.669298520937921e-06
-80402.01005025132 8.601376402253609e-06
-70351.75879396993 9.369367035382244e-06
-60301.507537688536 9.69123618994084e-06
-50251.25628140714 9.391992085426118e-06
-40201.00502512575 8.052440761844845e-06
-30150.753768844297 5.433127591191626e-06
-20100.502512562845 2.3185854562994925e-06
-10050.251256281452 4.0139064192592e-07
-5.820766091346741e-11 7.9373126383429e-09
10050.251256281335 0.0
20100.50251256273 0.0
30150.753768844123 0.0
40201.005025125516 0.0
50251.25628140691 0.0
60301.50753768836 0.0
70351.75879396976 0.0
80402.01005025115 0.0
90452.26130653254 0.0
100502.51256281394 0.0
110552.76381909545 0.0
120603.01507537684 0.0
130653.26633165823 0.0
140703.51758793963 0.0
150753.76884422102 0.0
160804.0201005024 0.0
170854.2713567838 0.0
180904.5226130652 0.0
190954.7738693466 0.0
201005.0251256281 0.0
211055.2763819095 0.0
221105.5276381909 0.0
231155.77889447229 0.0
241206.03015075368 0.0
251256.28140703507 0.0
261306.53266331647 0.0
271356.78391959786 0.0
281407.03517587925 0.0
291457.28643216076 0.0
301507.53768844216 0.0
311557.78894472355 0.0
321608.04020100494 0.0
331658.29145728634 0.0
341708.54271356773 0.0
351758.7939698491 0.0
361809.0452261305 0.0
371859.2964824119 0.0
381909.5477386934 0.0
391959.7989949748 0.0
402010.0502512562 0.0
412060.3015075376 0.0
422110.552763819 0.0
432160.8040201004 0.0
442211.0552763818 0.0
452261.3065326632 0.0
462311.55778894457 0.0
472361.8090452261 0.0
482412.0603015075 0.0
492462.31155778887 0.0
502512.56281407026 0.0
512562.81407035165 0.0
522613.06532663305 0.0
532663.3165829144 0.0
542713.5678391958 0.0
552763.8190954772 0.0
562814.0703517587 0.0
572864.3216080401 0.0
582914.5728643215 0.0
592964.8241206029 0.0
603015.0753768843 0.0
613065.3266331657 0.0
623115.5778894471 0.0
633165.8291457285 0.0
643216.0804020099 0.0
653266.3316582914 0.0
663316.5829145728 0.0
673366.8341708542 0.0
683417.0854271356 0.0
693467.336683417 0.0
703517.5879396984 0.0
713567.8391959798 0.0
723618.0904522612 0.0
733668.3417085425 0.0
743718.592964824 0.0
753768.8442211054 0.0
763819.0954773868 0.0
773869.3467336682 0.0
783919.5979899496 0.0
793969.849246231 0.0
804020.1005025124 0.0
814070.3517587938 0.0
824120.6030150752 0.0
834170.8542713567 0.0
844221.1055276381 0.0
854271.3567839195 0.0
864321.6080402009 0.0
874371.8592964823 0.0
884422.1105527637 0.0
894472.3618090451 0.0
904522.6130653265 0.0
914572.8643216079 0.0
924623.1155778893 0.0
934673.3668341707 0.0
944723.6180904522 0.0
954773.8693467336 0.0
964824.120603015 0.0
974874.3718592963 0.0
984924.6231155777 0.0
994974.8743718592 0.0

-994974.8743718592 0.0
-984924.623115578 0.0
-974874.3718592965 0.0
-964824.1206030152 0.0
-954773.8693467337 0.0
-944723.6180904522 0.0
-934673.3668341709 0.0
-924623.1155778894 0.0
-914572.8643216081 0.0
-904522.6130653266 0.0
-894472.3618090453 0.0
-884422.1105527638 0.0
-874371.8592964825 0.0
-864321.608040201 0.0
-854271.3567839195 0.0
-844221.1055276382 0.0
-834170.8542713567 0.0
-824120.6030150754 0.0
-814070.3517587939 0.0
-804020.1005025127 0.0
-793969.8492462311 0.0
-783919.5979899499 0.0
-773869.3467336684 0.0
-763819.095477387 0.0
-753768.8442211056 0.0
-743718.592964824 0.0
-733668.3417085428 0.0
-723618.0904522613 0.0
-713567.83919598 0.0
-703517.5879396985 0.0
-693467.3366834171 0.0
-683417.0854271357 0.0
-673366.8341708543 0.0
-663316.5829145729 0.0
-653266.3316582914 0.0
-643216.0804020101 0.0
-633165.8291457286 0.0
-623115.5778894473 0.0
-613065.3266331658 0.0
-603015.0753768844 0.0
-592964.824120603 0.0
-582914.5728643216 0.0
-572864.3216080402 0.0
-562814.0703517587 0.0
-552763.8190954775 0.0
-542713.567839196 0.0
-532663.3165829147 0.0
-522613.0653266332 0.0
-512562.8140703518 0.0
-502512.5628140704 0.0
-492462.311557789 0.0
-482412.0603015076 0.0
-472361.8090452262 0.0
-462311.55778894474 0.0
-452261.30653266335 0.0
-442211.05527638196 3.5303968946699926e-10
-432160.80402010056 1.1767989648899975e-10
-422110.55276381917 5.883994824449988e-10
-412060.3015075378 9.41439171911998e-10
-402010.0502512563 1.529838654356979e-09
-391959.7989949749 1.1767989648899975e-09
-381909.5477386935 2.9419974122249936e-09
-371859.2964824121 4.236476273603991e-09
-361809.0452261307 6.943113892850985e-09
-351758.7939698493 1.1650309752410975e-08
-341708.5427135679 1.5886786026014966e-08
-331658.2914572865 2.6242616917046946e-08
-321608.0402010051 3.8363646255413916e-08
-311557.78894472367 5.413275238493926e-08
-301507.5376884422 8.014000950900884e-08
-291457.2864321608 1.0567654704712178e-07
-281407.0351758794 1.5004186802347468e-07
-271356.78391959803 2.0605749875223856e-07
-261306.53266331664 2.734880794404354e-07
-251256.28140703525 3.691618352859922e-07
-241206.03015075385 4.93902525564332e-07
-231155.77889447246 6.330001632143296e-07
-221105.527638191 7.951630605761622e-07
-211055.27638190956 1.0211084618350508e-06
-201005.02512562816 1.2991860572385572e-06
-190954.77386934677 1.6156272988974775e-06
-180904.52261306538 2.01185551037594e-06
-170854.27135678398 2.4898712499142567e-06
-160804.0201005026 3.0543817133719885e-06
-150753.7688442212 3.593708678981074e-06
-140703.5175879398 4.159984340886142e-06
-130653.26633165835 4.726377682687642e-06
-120603.0150753769 5.383266864889293e-06
-110552.7638190955 6.1593657822342466e-06
-100502.51256281411 6.930404464030173e-06
-90452.26130653272 7.610123546150635e-06
-80402.01005025132 8.184401441016954e-06
-70351.75879396993 8.483073018306035e-06
-60301.507537688536 8.305847094193602e-06
-50251.25628140714 7.631305927518656e-06
-40201.00502512575 6.217381971203323e-06
-30150.753768844297 4.247185144184441e-06
-20100.502512562845 2.1953184690022903e-06
-10050.251256281452 7.456198241543024e-07
-5.820766091346741e-11 1.409805159938217e-07
10050.251256281335 1.9181823127706958e-08
20100.50251256273 2.4712778262689946e-09
30150.753768844123 2.353597929779995e-10
40201.005025125516 0.0
50251.25628140691 0.0
60301.50753768836 0.0
70351.75879396976 0.0
80402.01005025115 0.0
90452.26130653254 0.0
100502.51256281394 0.0
110552.76381909545 0.0
120603.01507537684 0.0
130653.26633165823 0.0
140703.51758793963 0.0
150753.76884422102 0.0
160804.0201005024 0.0
170854.2713567838 0.0
180904.5226130652 0.0
190954.7738693466 0.0
201005.0251256281 0.0
211055.2763819095 0.0
221105.5276381909 0.0
231155.77889447229 0.0
241206.03015075368 0.0
251256.28140703507 0.0
261306.53266331647 0.0
271356.78391959786 0.0
281407.03517587925 0.0
291457.28643216076 0.0
301507.53768844216 0.0
311557.78894472355 0.0
321608.04020100494 0.0
331658.29145728634 0.0
341708.54271356773 0.0
351758.7939698491 0.0
361809.0452261305 0.0
371859.2964824119 0.0
381909.5477386934 0.0
391959.7989949748 0.0
402010.0502512562 0.0
412060.3015075376 0.0
422110.552763819 0.0
432160.8040201004 0.0
442211.0552763818 0.0
452261.3065326632 0.0
462311.55778894457 0.0
472361.8090452261 0.0
482412.0603015075 0.0
492462.31155778887 0.0
502512.56281407026 0.0
512562.81407035165 0.0
522613.06532663305 0.0
532663.3165829144 0.0
542713.5678391958 0.0
552763.8190954772 0.0
562814.0703517587 0.0
572864.3216080401 0.0
582914.5728643215 0.0
592964.8241206029 0.0
603015.0753768843 0.0
613065.3266331657 0.0
623115.5778894471 0.0
633165.8291457285 0.0
643216.0804020099 0.0
653266.3316582914 0.0
663316.5829145728 0.0
673366.8341708542 0.0
683417.0854271356 0.0
693467.336683417 0.0
703517.5879396984 0.0
713567.8391959798 0.0
723618.0904522612 0.0
733668.3417085425 0.0
743718.592964824 0.0
753768.8442211054 0.0
763819.0954773868 0.0
773869.3467336682 0.0
783919.5979899496 0.0
793969.849246231 0.0
804020.1005025124 0.0
814070.3517587938 0.0
824120.6030150752 0.0
834170.8542713567 0.0
844221.1055276381 0.0
854271.3567839195 0.0
864321.6080402009 0.0
874371.8592964823 0.0
884422.1105527637 0.0
894472.3618090451 0.0
904522.6130653265 0.0
914572.8643216079 0.0
924623.1155778893 0.0
934673.3668341707 0.0
944723.6180904522 0.0
954773.8693467336 0.0
964824.120603015 0.0
974874.3718592963 0.0
984924.6231155777 0.0
994974.8743718592 0.0

-994974.8743718592 0.0
-984924.623115578 0.0
-974874.3718592965 0.0
-964824.1206030152 0.0
-954773.8693467337 0.0
-944723.6180904522 0.0
-934673.3668341709 0.0
-924623.1155778894 0.0
-914572.8643216081 0.0
-904522.6130653266 0.0
-894472.3618090453 0.0
-884422.1105527638 0.0
-874371.8592964825 0.0
-864321.608040201 0.0
-854271.3567839195 0.0
-844221.1055276382 0.0
-834170.8542713567 0.0
-824120.6030150754 0.0
-814070.3517587939 0.0
-804020.1005025127 0.0
-793969.8492462311 0.0
-783919.5979899499 0.0
-773869.3467336684 0.0
-763819.095477387 0.0
-753768.8442211056 0.0
-743718.592964824 0.0
-733668.3417085428 0.0
-723618.0904522613 0.0
-713567.83919598 0.0
-703517.5879396985 0.0
-693467.3366834171 0.0
-683417.0854271357 0.0
-673366.8341708543 0.0
-663316.5829145729 0.0
-653266.3316582914 0.0
-643216.0804020101 0.0
-633165.8291457286 0.0
-623115.5778894473 0.0
-613065.3266331658 0.0
-603015.0753768844 0.0
-592964.824120603 0.0
-582914.5728643216 0.0
-572864.3216080402 0.0
-562814.0703517587 0.0
-552763.8190954775 0.0
-542713.567839196 0.0
-532663.3165829147 0.0
-522613.0653266332 0.0
-512562.8140703518 0.0
-502512.5628140704 0.0
-492462.311557789 0.0
-482412.0603015076 0.0
-472361.8090452262 0.0
-462311.55778894474 0.0
-452261.30653266335 0.0
-442211.05527638196 0.0
-432160.80402010056 0.0
-422110.55276381917 0.0
-412060.3015075378 3.7715609144992873e-10
-402010.0502512563 0.0
-391959.7989949749 5.657341371748933e-10
-381909.5477386935 7.543121828998575e-10
-371859.2964824121 3.7715609144992873e-10
-361809.0452261307 1.1314682743497865e-09
-351758.7939698493 7.543121828998575e-10
-341708.5427135679 2.828670685874466e-09
-331658.2914572865 2.828670685874466e-09
-321608.0402010051 6.223075508923824e-09
-311557.78894472367 1.112610469777277e-08
-301507.5376884422 1.3954775383647365e-08
-291457.2864321608 2.6400926401495015e-08
-281407.0351758794 3.54526725962933e-08
-271356.78391959803 5.600767958031442e-08
-261306.53266331664 8.504869862195894e-08
-251256.28140703525 1.314388978703002e-07
-241206.03015075385 1.8933235790786425e-07
-231155.77889447246 2.589176567803761e-07
-221105.527638191 3.6829292330085116e-07
-211055.27638190956 5.553623446600201e-07
-201005.02512562816 7.46203326933684e-07
-190954.77386934677 1.0147384640460335e-06
-180904.52261306538 1.3496530732535702e-06
-170854.27135678398 1.8144979559656072e-06
-160804.0201005026 2.387963793015224e-06
-150753.7688442212 3.0617531503905217e-06
-140703.5175879398 3.727622229845371e-06
-130653.26633165835 4.438561462228435e-06
-120603.0150753769 5.2743393608815285e-06
-110552.7638190955 6.155564568554287e-06
-100502.51256281411 7.045841522421844e-06
-90452.26130653272 7.884259513715035e-06
-80402.01005025132 8.60802205320745e-06
-70351.75879396993 9.017990724613522e-06
-60301.507537688536 8.954439923204208e-06
-50251.25628140714 8.417369648979509e-06
-40201.00502512575 6.96437580666866e-06
-30150.753768844297 5.2537843538974465e-06
-20100.502512562845 3.2642859714991335e-06
-10050.251256281452 1.5927301741930492e-06
-5.820766091346741e-11 5.796889125585405e-07
10050.251256281335 1.678344606952183e-07
20100.50251256273 2.9418175133094444e-08
30150.753768844123 1.885780457249644e-09
40201.005025125516 0.0
50251.25628140691 0.0
60301.50753768836 0.0
70351.75879396976 0.0
80402.01005025115 0.0
90452.26130653254 0.0
100502.51256281394 0.0
110552.76381909545 0.0
120603.01507537684 0.0
130653.26633165823 0.0
140703.51758793963 0.0
150753.76884422102 0.0
160804.0201005024 0.0
170854.2713567838 0.0
180904.5226130652 0.0
190954.7738693466 0.0
201005.0251256281 0.0
211055.2763819095 0.0
221105.5276381909 0.0
231155.77889447229 0.0
241206.03015075368 0.0
251256.28140703507 0.0
261306.53266331647 0.0
271356.78391959786 0.0
281407.03517587925 0.0
291457.28643216076 0.0
301507.53768844216 0.0
311557.78894472355 0.0
321608.04020100494 0.0
331658.29145728634 0.0
341708.54271356773 0.0
351758.7939698491 0.0
361809.0452261305 0.0
371859.2964824119 0.0
381909.5477386934 0.0
391959.7989949748 0.0
402010.0502512562 0.0
412060.3015075376 0.0
422110.552763819 0.0
432160.8040201004 0.0
442211.0552763818 0.0
452261.3065326632 0.0
462311.55778894457 0.0
472361.8090452261 0.0
482412.0603015075 0.0
492462.31155778887 0.0
502512.56281407026 0.0
512562.81407035165 0.0
522613.06532663305 0.0
532663.3165829144 0.0
542713.5678391958 0.0
552763.8190954772 0.0
562814.0703517587 0.0
572864.3216080401 0.0
582914.5728643215 0.0
592964.8241206029 0.0
603015.0753768843 0.0
613065.3266331657 0.0
623115.5778894471 0.0
633165.8291457285 0.0
643216.0804020099 0.0
653266.3316582914 0.0
663316.5829145728 0.0
673366.8341708542 0.0
683417.0854271356 0.0
693467.336683417 0.0
703517.5879396984 0.0
713567.8391959798 0.0
723618.0904522612 0.0
733668.3417085425 0.0
743718.592964824 0.0
753768.8442211054 0.0
763819.0954773868 0.0
773869.3467336682 0.0
783919.5979899496 0.0
793969.849246231 0.0
804020.1005025124 0.0
814070.3517587938 0.0
824120.6030150752 0.0
834170.8542713567 0.0
844221.1055276381 0.0
854271.3567839195 0.0
864321.6080402009 0.0
874371.8592964823 0.0
884422.1105527637 0.0
894472.3618090451 0.0
904522.6130653265 0.0
914572.8643216079 0.0
924623.1155778893 0.0
934673.3668341707 0.0
944723.6180904522 0.0
954773.8693467336 0.0
964824.120603015 0.0
974874.3718592963 0.0
984924.6231155777 0.0
994974.8743718592 0.0

-994974.8743718592 0.0
-984924.623115578 0.0
-974874.3718592965 0.0
-964824.1206030152 0.0
-954773.8693467337 0.0
-944723.6180904522 0.0
-934673.3668341709 0.0
-924623.1155778894 0.0
-914572.8643216081 0.0
-904522.6130653266 0.0
-894472.3618090453 0.0
-884422.1105527638 0.0
-874371.8592964825 0.0
-864321.608040201 0.0
-854271.3567839195 0.0
-844221.1055276382 0.0
-834170.8542713567 0.0
-824120.6030150754 0.0
-814070.3517587939 0.0
-804020.1005025127 0.0
-793969.8492462311 0.0
-783919.5979899499 0.0
-773869.3467336684 0.0
-763819.095477387 0.0
-753768.8442211056 0.0
-743718.592964824 0.0
-733668.3417085428 0.0
-723618.0904522613 0.0
-713567.83919598 0.0
-703517.5879396985 0.0
-693467.3366834171 0.0
-683417.0854271357 0.0
-673366.8341708543 0.0
-663316.5829145729 0.0
-653266.3316582914 0.0
-643216.0804020101 0.0
-633165.8291457286 0.0
-623115.5778894473 0.0
-613065.3266331658 0.0
-603015.0753768844 0.0
-592964.824120603 0.0
-582914.5728643216 0.0
-572864.3216080402 0.0
-562814.0703517587 0.0
-552763.8190954775 0.0
-542713.567839196 0.0
-532663.3165829147 0.0
-522613.0653266332 0.0
-512562.8140703518 0.0
-502512.5628140704 0.0
-492462.311557789 0.0
-482412.0603015076 0.0
-472361.8090452262 0.0
-462311.55778894474 0.0
-452261.30653266335 0.0
-442211.05527638196 0.0
-432160.80402010056 0.0
-422110.55276381917 0.0
-412060.3015075378 0.0
-402010.0502512563 0.0
-391959.7989949749 0.0
-381909.5477386935 0.0
-371859.2964824121 0.0
-361809.0452261307 0.0
-351758.7939698493 0.0
-341708.5427135679 0.0
-331658.2914572865 0.0
-321608.0402010051 3.7900935715061194e-10
-311557.78894472367 3.0320748572048603e-09
-301507.5376884422 2.6530655000542838e-09
-291457.2864321608 5.495635678683874e-09
-281407.0351758794 7.390682464436933e-09
-271356.78391959803 1.7055421071777537e-08
-261306.53266331664 3.0131243893473654e-08
-251256.28140703525 4.529161817949813e-08
-241206.03015075385 6.879019832283607e-08
-231155.77889447246 1.0062698432348748e-07
-221105.527638191 1.4895067736018876e-07
-211055.27638190956 2.433240072906929e-07
-201005.02512562816 3.759772822934071e-07
-190954.77386934677 5.677560170116167e-07
-180904.52261306538 8.216922863025268e-07
-170854.27135678398 1.1230047252372632e-06
-160804.0201005026 1.5600025140319189e-06
-150753.7688442212 2.150499092472572e-06
-140703.5175879398 2.834042468093701e-06
-130653.26633165835 3.558139844929904e-06
-120603.0150753769 4.403141206697234e-06
-110552.7638190955 5.544717390434878e-06
-100502.51256281411 6.836002270247013e-06
-90452.26130653272 8.00808870723528e-06
-80402.01005025132 9.09091844061458e-06
-70351.75879396993 9.880584436237878e-06
-60301.507537688536 1.0397174190034164e-05
-50251.25628140714 1.0180001828386862e-05
-40201.00502512575 8.766865440250805e-06
-30150.753768844297 6.627168114456949e-06
-20100.502512562845 3.969554502116935e-06
-10050.251256281452 1.6142008521044564e-06
-5.820766091346741e-11 4.5500073325930966e-07
10050.251256281335 5.9314964394070777e-08
20100.50251256273 3.0320748572048955e-09
30150.753768844123 0.0
40201.005025125516 0.0
50251.25628140691 0.0
60301.50753768836 0.0
70351.75879396976 0.0
80402.01005025115 0.0
90452.26130653254 0.0
100502.51256281394 0.0
110552.76381909545 0.0
120603.01507537684 0.0
130653.26633165823 0.0
140703.51758793963 0.0
150753.76884422102 0.0
160804.0201005024 0.0
170854.2713567838 0.0
180904.5226130652 0.0
190954.7738693466 0.0
201005.0251256281 0.0
211055.2763819095 0.0
221105.5276381909 0.0
231155.77889447229 0.0
241206.03015075368 0.0
251256.28140703507 0.0
261306.53266331647 0.0
271356.78391959786 0.0
281407.03517587925 0.0
291457.28643216076 0.0
301507.53768844216 0.0
311557.78894472355 0.0
321608.04020100494 0.0
331658.29145728634 0.0
341708.54271356773 0.0
351758.7939698491 0.0
361809.0452261305 0.0
371859.2964824119 0.0
381909.5477386934 0.0
391959.7989949748 0.0
402010.0502512562 0.0
412060.3015075376 0.0
422110.552763819 0.0
432160.8040201004 0.0
442211.0552763818 0.0
452261.3065326632 0.0
462311.55778894457 0.0
472361.8090452261 0.0
482412.0603015075 0.0
492462.31155778887 0.0
502512.56281407026 0.0
512562.81407035165 0.0
522613.06532663305 0.0
532663.3165829144 0.0
542713.5678391958 0.0
552763.8190954772 0.0
562814.0703517587 0.0
572864.3216080401 0.0
582914.5728643215 0.0
592964.8241206029 0.0
603015.0753768843 0.0
613065.3266331657 0.0
623115.5778894471 0.0
633165.8291457285 0.0
643216.0804020099 0.0
653266.3316582914 0.0
663316.5829145728 0.0
673366.8341708542 0.0
683417.0854271356 0.0
693467.336683417 0.0
703517.5879396984 0.0
713567.8391959798 0.0
723618.0904522612 0.0
733668.3417085425 0.0
743718.592964824 0.0
753768.8442211054 0.0
763819.0954773868 0.0
773869.3467336682 0.0
783919.5979899496 0.0
793969.849246231 0.0
804020.1005025124 0.0
814070.3517587938 0.0
824120.6030150752 0.0
834170.8542713567 0.0
844221.1055276381 0.0
854271.3567839195 0.0
864321.6080402009 0.0
874371.8592964823 0.0
884422.1105527637 0.0
894472.3618090451 0.0
904522.6130653265 0.0
914572.8643216079 0.0
924623.1155778893 0.0
934673.3668341707 0.0
944723.6180904522 0.0
954773.8693467336 0.0
964824.120603015 0.0
974874.3718592963 0.0
984924.6231155777 0.0
994974.8743718592 0.0

-994974.8743718592 0.0
-984924.623115578 0.0
-974874.3718592965 0.0
-964824.1206030152 0.0
-954773.8693467337 0.0
-944723.6180904522 0.0
-934673.3668341709 0.0
-924623.1155778894 0.0
-914572.8643216081 0.0
-904522.6130653266 0.0
-894472.3618090453 0.0
-884422.1105527638 0.0
-874371.8592964825 0.0
-864321.608040201 0.0
-854271.3567839195 0.0
-844221.1055276382 0.0
-834170.8542713567 0.0
-824120.6030150754 0.0
-814070.3517587939 0.0
-804020.1005025127 0.0
-793969.8492462311 0.0
-783919.5979899499 0.0
-773869.3467336684 0.0
-763819.095477387 0.0
-753768.8442211056 0.0
-743718.592964824 0.0
-733668.3417085428 0.0
-723618.0904522613 0.0
-713567.83919598 0.0
-703517.5879396985 0.0
-693467.3366834171 0.0
-683417.0854271357 0.0
-673366.8341708543 0.0
-663316.5829145729 0.0
-653266.3316582914 0.0
-643216.0804020101 0.0
-633165.8291457286 0.0
-623115.5778894473 0.0
-613065.3266331658 0.0
-603015.0753768844 0.0
-592964.824120603 0.0
-582914.5728643216 0.0
-572864.3216080402 0.0
-562814.0703517587 0.0
-552763.8190954775 0.0
-542713.567839196 0.0
-532663.3165829147 0.0
-522613.0653266332 0.0
-512562.8140703518 0.0
-502512.5628140704 0.0
-492462.311557789 0.0
-482412.0603015076 0.0
-472361.8090452262 0.0
-462311.55778894474 0.0
-452261.30653266335 0.0
-442211.05527638196 0.0
-432160.80402010056 0.0
-422110.55276381917 0.0
-412060.3015075378 0.0
-402010.0502512563 0.0
-391959.7989949749 0.0
-381909.5477386935 0.0
-371859.2964824121 0.0
-361809.0452261307 0.0
-351758.7939698493 0.0
-341708.5427135679 0.0
-331658.2914572865 0.0
-321608.0402010051 0.0
-311557.78894472367 0.0
-301507.5376884422 8.34929419094711e-11
-291457.2864321608 3.339717676378844e-10
-281407.0351758794 7.931829481399756e-10
-271356.78391959803 1.7950982510536287e-09
-261306.53266331664 4.216393566428291e-09
-251256.28140703525 5.844505933662978e-09
-241206.03015075385 1.1062814803004922e-08
-231155.77889447246 1.6114137788527924e-08
-221105.527638191 2.776140318489882e-08
-211055.27638190956 4.370855508960812e-08
-201005.02512562816 7.293108475792301e-08
-190954.77386934677 1.224423993102394e-07
-180904.52261306538 1.9153280874032672e-07
-170854.27135678398 3.134742503991093e-07
-160804.0201005026 5.150262121685725e-07
-150753.7688442212 8.125533106629728e-07
-140703.5175879398 1.206723489417586e-06
-130653.26633165835 1.7916332939643651e-06
-120603.0150753769 2.6360809084367766e-06
-110552.7638190955 3.740233318718577e-06
-100502.51256281411 5.2126313492921e-06
-90452.26130653272 7.09844468173037e-06
-80402.01005025132 9.218372223282796e-06
-70351.75879396993 1.1360300155028368e-05
-60301.507537688536 1.311912072282233e-05
-50251.25628140714 1.3917772458657376e-05
-40201.00502512575 1.2826686693784408e-05
-30150.753768844297 9.47820225850496e-06
-20100.502512562845 4.827770633560393e-06
-10050.251256281452 9.087371797426835e-07
-5.820766091346741e-11 1.7491771330034197e-08
10050.251256281335 1.2523941286420666e-10
20100.50251256273 0.0
30150.753768844123 0.0
40201.005025125516 0.0
50251.25628140691 0.0
60301.50753768836 0.0
70351.75879396976 0.0
80402.01005025115 0.0
90452.26130653254 0.0
100502.51256281394 0.0
110552.76381909545 0.0
120603.01507537684 0.0
130653.26633165823 0.0
140703.51758793963 0.0
150753.76884422102 0.0
160804.0201005024 0.0
170854.2713567838 0.0
180904.5226130652 0.0
190954.7738693466 0.0
201005.0251256281 0.0
211055.2763819095 0.0
221105.5276381909 0.0
231155.77889447229 0.0
241206.03015075368 0.0
251256.28140703507 0.0
261306.53266331647 0.0
271356.78391959786 0.0
281407.03517587925 0.0
291457.28643216076 0.0
301507.53768844216 0.0
311557.78894472355 0.0
321608.04020100494 0.0
331658.29145728634 0.0
341708.54271356773 0.0
351758.7939698491 0.0
361809.0452261305 0.0
371859.2964824119 0.0
381909.5477386934 0.0
391959.7989949748 0.0
402010.0502512562 0.0
412060.3015075376 0.0
422110.552763819 0.0
432160.8040201004 0.0
442211.0552763818 0.0
452261.3065326632 0.0
462311.55778894457 0.0
472361.8090452261 0.0
482412.0603015075 0.0
492462.31155778887 0.0
502512.56281407026 0.0
512562.81407035165 0.0
522613.06532663305 0.0
532663.3165829144 0.0
542713.5678391958 0.0
552763.8190954772 0.0
562814.0703517587 0.0
572864.3216080401 0.0
582914.5728643215 0.0
592964.8241206029 0.0
603015.0753768843 0.0
613065.3266331657 0.0
623115.5778894471 0.0
633165.8291457285 0.0
643216.0804020099 0.0
653266.3316582914 0.0
663316.5829145728 0.0
673366.8341708542 0.0
683417.0854271356 0.0
693467.336683417 0.0
703517.5879396984 0.0
713567.8391959798 0.0
723618.0904522612 0.0
733668.3417085425 0.0
743718.592964824 0.0
753768.8442211054 0.0
763819.0954773868 0.0
773869.3467336682 0.0
783919.5979899496 0.0
793969.849246231 0.0
804020.1005025124 0.0
814070.3517587938 0.0
824120.6030150752 0.0
834170.8542713567 0.0
844221.1055276381 0.0
854271.3567839195 0.0
864321.6080402009 0.0
874371.8592964823 0.0
884422.1105527637 0.0
894472.3618090451 0.0
904522.6130653265 0.0
914572.8643216079 0.0
924623.1155778893 0.0
934673.3668341707 0.0
944723.6180904522 0.0
954773.8693467336 0.0
964824.120603015 0.0
974874.3718592963 0.0
984924.6231155777 0.0
994974.8743718592 0.0

