s_d_bin s_d
-99.49748743718592 0.0
-98.4924623115578 1.4841022076579728e-06
-97.48743718592965 7.420511038289759e-07
-96.4824120603015 7.420511038289864e-07
-95.47738693467338 1.4841022076579728e-06
-94.47236180904522 7.420511038289759e-07
-93.46733668341707 0.0
-92.46231155778895 0.0
-91.4572864321608 7.420511038289864e-07
-90.45226130653268 7.420511038289864e-07
-89.44723618090453 7.420511038289759e-07
-88.44221105527637 1.4841022076579728e-06
-87.43718592964825 0.0
-86.4321608040201 0.0
-85.42713567839195 7.420511038289864e-07
-84.42211055276383 0.0
-83.41708542713567 7.420511038289864e-07
-82.41206030150755 1.4841022076579728e-06
-81.4070351758794 1.4841022076579519e-06
-80.40201005025125 7.420511038289864e-07
-79.39698492462313 2.9682044153159457e-06
-78.39195979899498 0.0
-77.38693467336682 1.4841022076579728e-06
-76.3819095477387 7.420511038289864e-07
-75.37688442211055 7.420511038289864e-07
-74.37185929648243 3.710255519144932e-06
-73.36683417085428 1.4841022076579519e-06
-72.36180904522612 1.4841022076579728e-06
-71.356783919598 1.4841022076579728e-06
-70.35175879396985 1.4841022076579519e-06
-69.3467336683417 1.4841022076579728e-06
-68.34170854271358 2.2261533114869594e-06
-67.33668341708542 1.4841022076579728e-06
-66.3316582914573 2.2261533114869594e-06
-65.32663316582915 2.226153311486928e-06
-64.321608040201 2.2261533114869594e-06
-63.31658291457287 7.420511038289864e-07
-62.311557788944725 1.4841022076579622e-06
-61.30653266331659 0.0
-60.301507537688444 2.9682044153159457e-06
-59.29648241206031 7.420511038289864e-06
-58.29145728643216 3.7102555191449057e-06
-57.286432160804026 7.4205110382898114e-06
-56.28140703517588 5.936408830631891e-06
-55.276381909547744 4.452306622973919e-06
-54.2713567839196 2.9682044153159245e-06
-53.26633165829146 8.904613245947773e-06
-52.26130653266332 5.936408830631891e-06
-51.25628140703518 8.16256214211885e-06
-50.25125628140704 5.194357726802868e-06
-49.2462311557789 9.646664349776755e-06
-48.24120603015076 1.1130766557434795e-05
-47.23618090452262 1.1872817661263783e-05
-46.231155778894475 1.261486876509268e-05
-45.22613065326634 2.003537980338249e-05
-44.221105527638194 2.3003584218698578e-05
-43.21608040201006 2.0035379803382633e-05
-42.21105527638191 1.929332869955351e-05
-41.206030150753776 3.0424095256988226e-05
-40.20100502512563 2.4487686426356552e-05
-39.195979899497495 4.0070759606765266e-05
-38.19095477386935 6.752665044843729e-05
-37.18592964824121 8.310972362884588e-05
-36.18090452261307 8.533587694033343e-05
-35.17587939698493 9.053023466713634e-05
-34.170854271356795 0.00011947022771646681
-33.16582914572865 0.00015212047628494006
-32.16080402010051 0.0001973855936185104
-31.15577889447237 0.00022187328004486692
-30.150753768844226 0.00026045993744397053
-29.14572864321608 0.00025229737530185536
-28.140703517587944 0.0002923681349086206
-27.135678391959807 0.00038660862509490193
-26.13065326633167 0.0004066440048982845
-25.125628140703526 0.000523146028199428
-24.120603015075382 0.0005647008900138586
-23.115577889447245 0.0006515208691618501
-22.1105527638191 0.0007019803442222112
-21.105527638190956 0.0008110618564850821
-20.10050251256282 0.0008459382583650444
-19.095477386934682 0.0009483413106934446
-18.090452261306545 0.001084136662694149
-17.0854271356784 0.0012139956058642046
-16.080402010050257 0.0013713104398759667
-15.07537688442212 0.0016837139545879702
-14.070351758793976 0.0019515944030702066
-13.065326633165832 0.0022491568957056576
-12.060301507537694 0.002661737309434574
-11.055276381909557 0.0030550243944639367
-10.05025125628142 0.0035410678674719235
-9.045226130653276 0.004273472306951073
-8.040201005025132 0.005088986470059189
-7.035175879396995 0.006305208229234897
-6.030150753768851 0.007931784248827923
-5.025125628140707 0.010209881137583024
-4.02010050251257 0.014173918134237469
-3.0150753768844325 0.020230539243689658
-2.0100502512562954 0.029441619595518862
-1.0050251256281513 0.04640936013567181
-7.105427357601002e-15 0.07203164269978354
1.00502512562813 0.10496461273881778
2.010050251256274 0.1283792932690358
3.0150753768844183 0.11467360938131624
4.020100502512555 0.08333753331772198
5.025125628140692 0.06004380711742626
6.0301507537688295 0.044362041140208294
7.035175879396974 0.03418184204677795
8.040201005025118 0.027270378065715247
9.045226130653255 0.021994394717491157
10.050251256281399 0.0179828664501914
11.055276381909543 0.01495678204877705
12.06030150753768 0.012655681575803362
13.065326633165817 0.010763451261039447
14.070351758793954 0.009067122437686384
15.075376884422099 0.007756660188324285
16.080402010050243 0.0067489547893246305
17.08542713567838 0.005854783209210702
18.090452261306524 0.005030364432856627
19.095477386934668 0.004410751761159495
20.100502512562805 0.00372658064342917
21.105527638190942 0.0032880284410662384
22.11055276381908 0.002899935713763679
23.115577889447223 0.002662479360538366
24.120603015075368 0.0024064717297174027
25.125628140703505 0.0020339620755952517
26.13065326633165 0.0018951985191792045
27.135678391959793 0.0016681308814075612
28.14070351758793 0.0015412401426528046
29.145728643216074 0.00132604532254238
30.15075376884421 0.0012266104746293319
31.15577889447235 0.0011175289623664379
32.160804020100485 0.0009950905302346848
33.16582914572862 0.0008466803094688615
34.170854271356774 0.0007798957101242536
35.17587939698491 0.0006760085555882161
36.18090452261305 0.0006366798470852613
37.1859296482412 0.0005721214010521404
38.190954773869336 0.0005684111455330115
39.19597989949747 0.0004956901373577559
40.201005025125625 0.0004504250200241884
41.20603015075376 0.0004222270780786992
42.2110552763819 0.0003814142673680936
43.216080402010036 0.0003539583765264315
44.22110552763817 0.0003242763323732625
45.226130653266324 0.00030349890146605114
46.23115577889446 0.0002864317260779928
47.2361809045226 0.0002678804484822603
48.241206030150735 0.00022558353556401505
49.24623115577887 0.0002248414844601797
50.251256281407024 0.00021296866679891606
51.25628140703516 0.00018254457154193325
52.2613065326633 0.00017141380498449343
53.26633165829145 0.00016176714063471676
54.271356783919586 0.00015954098732323433
55.27638190954772 0.00015137842518111108
56.281407035175874 0.0001298589431700708
57.28643216080401 0.00013653740310453543
58.29145728643215 0.00010982356336668843
59.296482412060286 0.00010759741005520455
60.30150753768842 8.90461324594771e-05
61.306532663316574 8.385177473267427e-05
62.31155778894471 9.49825412901116e-05
63.31658291457285 9.349843908245096e-05
64.32160804020099 7.568921259055768e-05
65.32663316582912 8.459382583650326e-05
66.33165829145727 6.530049713694988e-05
67.33668341708541 5.491178168334577e-05
68.34170854271355 6.826870155226579e-05
69.3467336683417 7.197895707141067e-05
70.35175879396984 5.7137934994832756e-05
71.35678391959797 4.674921954122548e-05
72.36180904522612 4.897537285271241e-05
73.36683417085426 3.784460629527884e-05
74.3718592964824 3.4134350776132894e-05
75.37688442211054 3.190819746464686e-05
76.38190954773867 3.858665739910674e-05
77.38693467336682 3.6360504087619815e-05
78.39195979899496 3.3392299672304856e-05
79.3969849246231 3.190819746464596e-05
80.40201005025123 2.4487686426356898e-05
81.40703517587937 2.8197941945501085e-05
82.41206030150752 2.374563532252723e-05
83.41708542713566 2.5229737530185895e-05
84.4221105527638 2.374563532252723e-05
85.42713567839195 1.632512428423747e-05
86.43216080402009 2.3003584218698903e-05
87.43718592964822 1.632512428423747e-05
88.44221105527637 2.0035379803382348e-05
89.44723618090451 2.077743090721191e-05
90.45226130653265 1.1130766557434638e-05
91.45728643216079 2.151948201104091e-05
92.46231155778892 1.4098970972750543e-05
93.46733668341707 1.4841022076579516e-05
94.47236180904521 1.187281766126395e-05
95.47738693467335 1.4098970972750543e-05
96.48241206030148 1.1130766557434953e-05
97.48743718592962 1.1872817661263615e-05
98.49246231155777 1.1872817661263615e-05
99.49748743718592 1.4841022076579516e-05

-99.49748743718592 0.0
-98.4924623115578 2.353984917935836e-06
-97.48743718592965 0.0
-96.4824120603015 0.0
-95.47738693467338 0.0
-94.47236180904522 1.1769924589679012e-06
-93.46733668341707 0.0
-92.46231155778895 0.0
-91.4572864321608 2.353984917935836e-06
-90.45226130653268 0.0
-89.44723618090453 1.1769924589679012e-06
-88.44221105527637 0.0
-87.43718592964825 1.176992458967918e-06
-86.4321608040201 1.1769924589679012e-06
-85.42713567839195 0.0
-84.42211055276383 0.0
-83.41708542713567 1.176992458967918e-06
-82.41206030150755 2.353984917935836e-06
-81.4070351758794 0.0
-80.40201005025125 1.176992458967918e-06
-79.39698492462313 2.353984917935836e-06
-78.39195979899498 1.1769924589679012e-06
-77.38693467336682 0.0
-76.3819095477387 2.353984917935836e-06
-75.37688442211055 0.0
-74.37185929648243 0.0
-73.36683417085428 0.0
-72.36180904522612 0.0
-71.356783919598 4.707969835871672e-06
-70.35175879396985 2.3539849179358025e-06
-69.3467336683417 2.353984917935836e-06
-68.34170854271358 4.707969835871672e-06
-67.33668341708542 3.530977376903754e-06
-66.3316582914573 7.061954753807508e-06
-65.32663316582915 2.3539849179358025e-06
-64.321608040201 3.530977376903754e-06
-63.31658291457287 4.707969835871672e-06
-62.311557788944725 3.5309773769037285e-06
-61.30653266331659 4.707969835871638e-06
-60.301507537688444 4.707969835871672e-06
-59.29648241206031 8.238947212775425e-06
-58.29145728643216 8.238947212775368e-06
-57.286432160804026 8.238947212775368e-06
-56.28140703517588 5.88496229483959e-06
-55.276381909547744 7.061954753807508e-06
-54.2713567839196 7.061954753807457e-06
-53.26633165829146 4.707969835871638e-06
-52.26130653266332 8.238947212775425e-06
-51.25628140703518 9.415939671743344e-06
-50.25125628140704 1.2946917048647006e-05
-49.2462311557789 1.4123909507614914e-05
-48.24120603015076 1.7654886884518767e-05
-47.23618090452262 1.647789442555085e-05
-46.231155778894475 1.7654886884518645e-05
-45.22613065326634 9.415939671743276e-06
-44.221105527638194 1.5300901966582934e-05
-43.21608040201006 1.4123909507615016e-05
-42.21105527638191 2.47168416383261e-05
-41.206030150753776 2.3539849179358192e-05
-40.20100502512563 3.413278131006962e-05
-39.195979899497495 2.9424811474197945e-05
-38.19095477386935 3.6486766228005194e-05
-37.18592964824121 3.1778796392133554e-05
-36.18090452261307 4.707969835871672e-05
-35.17587939698493 4.59027058997488e-05
-34.170854271356795 6.59115777022034e-05
-33.16582914572865 5.0610675735619754e-05
-32.16080402010051 7.297353245601092e-05
-31.15577889447237 0.00010710631376608053
-30.150753768844226 0.00012476120065059754
-29.14572864321608 0.0001318231554044068
-28.140703517587944 0.000171840899009316
-27.135678391959807 0.00023069052195771192
-26.13065326633167 0.00030719503179062657
-25.125628140703526 0.00033897382818275556
-24.120603015075382 0.0004743279609640709
-23.115577889447245 0.0005108147271920764
-22.1105527638191 0.0005649563803045926
-21.105527638190956 0.000730912317019077
-20.10050251256282 0.0007850539701316012
-19.095477386934682 0.0009439479520922701
-18.090452261306545 0.0011369747153630086
-17.0854271356784 0.0012923377199467558
-16.080402010050257 0.0016218956084577908
-15.07537688442212 0.0017395948543545826
-14.070351758793976 0.0019349756025432295
-13.065326633165832 0.002123294395978124
-12.060301507537694 0.002559958598255221
-11.055276381909557 0.0030872512198728487
-10.05025125628142 0.003986473458524338
-9.045226130653276 0.004836262013899107
-8.040201005025132 0.006005015525654317
-7.035175879396995 0.0081518497708118
-6.030150753768851 0.010898950170042766
-5.025125628140707 0.015078450391837998
-4.02010050251257 0.021767298536152675
-3.0150753768844325 0.033111151855685465
-2.0100502512562954 0.04683135294987449
-1.0050251256281513 0.060141960668341814
-7.105427357601002e-15 0.07296411651633918
1.00502512562813 0.08457161614668077
2.010050251256274 0.09763976341860019
3.0150753768844183 0.10491239982256434
4.020100502512555 0.09572244270294282
5.025125628140692 0.07380919710187812
6.0301507537688295 0.05148518113263363
7.035175879396974 0.036012438267040876
8.040201005025118 0.02641053378678111
9.045226130653255 0.01983938488836322
10.050251256281399 0.015545716398048042
11.055276381909543 0.01226190743752777
12.06030150753768 0.01029397604613341
13.065326633165817 0.008175389619991157
14.070351758793954 0.006886582877421287
15.075376884422099 0.0056413248558331505
16.080402010050243 0.004775058406032843
17.08542713567838 0.004040615111636862
18.090452261306524 0.0034062161762531064
19.095477386934668 0.002995445808073351
20.100502512562805 0.002709436640544147
21.105527638190942 0.00231749815170783
22.11055276381908 0.0020314889841786263
23.115577889447223 0.0017984444773029532
24.120603015075368 0.001647789442555085
25.125628140703505 0.0015018423776430633
26.13065326633165 0.0012629129084725582
27.135678391959793 0.0011134348661836504
28.14070351758793 0.000988673665533051
29.145728643216074 0.0009710187786485185
30.15075376884421 0.0008097708117699389
31.15577889447235 0.0007132574301345482
32.160804020100485 0.0006379299127606206
33.16582914572862 0.0005767263048942717
34.170854271356774 0.0005284696140765876
35.17587939698491 0.0004578500665385266
36.18090452261305 0.0004284252550643161
37.1859296482412 0.0003636906698210815
38.190954773869336 0.0003566287150672842
39.19597989949747 0.00029071713736507164
40.201005025125625 0.0002718852580215852
41.20603015075376 0.0002624693183498494
42.2110552763819 0.00023657548425254815
43.216080402010036 0.00022009758982700374
44.22110552763817 0.0001847878160579605
45.226130653266324 0.0001636019517965383
46.23115577889446 0.00013535413278131247
47.2361809045226 0.00014241608753511606
48.241206030150735 0.00012946917048647282
49.24623115577887 0.00011063729114298272
50.251256281407024 0.00012358420819162964
51.25628140703516 9.298240425846683e-05
52.2613065326633 0.00011652225343782222
53.26633165829145 0.00010592932130711112
54.271356783919586 0.00010122135147124237
55.27638190954772 8.70974419636247e-05
56.281407035175874 6.473458524323456e-05
57.28643216080401 6.473458524323641e-05
58.29145728643215 8.003548720981728e-05
59.296482412060286 5.649563803046086e-05
60.30150753768842 4.7079698358716045e-05
61.306532663316574 5.414165311252346e-05
62.31155778894471 6.82655626201402e-05
63.31658291457285 4.943368327665185e-05
64.32160804020099 4.7079698358717386e-05
65.32663316582912 4.119473606387654e-05
66.33165829145727 3.884075114594074e-05
67.33668341708541 4.3548720981813575e-05
68.34170854271355 4.943368327665185e-05
69.3467336683417 2.589383409729383e-05
70.35175879396984 2.942481147419836e-05
71.35678391959797 4.001774360490864e-05
72.36180904522612 2.4716841638325925e-05
73.36683417085426 1.647789442555108e-05
74.3718592964824 2.589383409729383e-05
75.37688442211054 2.3539849179358693e-05
76.38190954773867 2.4716841638325925e-05
77.38693467336682 1.883187934348642e-05
78.39195979899496 2.000887180245489e-05
79.3969849246231 1.765488688451852e-05
80.40201005025123 2.000887180245489e-05
81.40703517587937 1.5300901966582717e-05
82.41206030150752 9.41593967174321e-06
83.41708542713566 1.1769924589679347e-05
84.4221105527638 1.1769924589679011e-05
85.42713567839195 1.5300901966582717e-05
86.43216080402009 1.5300901966583148e-05
87.43718592964822 1.0592932130711111e-05
88.44221105527637 5.884962294839506e-06
89.44723618090451 1.294691704864728e-05
90.45226130653265 8.238947212775308e-06
91.45728643216079 4.707969835871738e-06
92.46231155778892 7.061954753807408e-06
93.46733668341707 5.884962294839506e-06
94.47236180904521 9.415939671743476e-06
95.47738693467335 1.4123909507614816e-05
96.48241206030148 5.884962294839673e-06
97.48743718592962 1.0592932130711111e-05
98.49246231155777 3.530977376903704e-06
99.49748743718592 7.061954753807408e-06

-99.49748743718592 0.0
-98.4924623115578 0.0
-97.48743718592965 1.8863775105883404e-06
-96.4824120603015 0.0
-95.47738693467338 0.0
-94.47236180904522 0.0
-93.46733668341707 0.0
-92.46231155778895 0.0
-91.4572864321608 0.0
-90.45226130653268 0.0
-89.44723618090453 0.0
-88.44221105527637 0.0
-87.43718592964825 0.0
-86.4321608040201 0.0
-85.42713567839195 0.0
-84.42211055276383 1.886377510588367e-06
-83.41708542713567 0.0
-82.41206030150755 0.0
-81.4070351758794 0.0
-80.40201005025125 0.0
-79.39698492462313 0.0
-78.39195979899498 0.0
-77.38693467336682 1.886377510588367e-06
-76.3819095477387 0.0
-75.37688442211055 1.886377510588367e-06
-74.37185929648243 0.0
-73.36683417085428 1.8863775105883404e-06
-72.36180904522612 1.886377510588367e-06
-71.356783919598 0.0
-70.35175879396985 1.8863775105883404e-06
-69.3467336683417 0.0
-68.34170854271358 0.0
-67.33668341708542 5.659132531765101e-06
-66.3316582914573 1.886377510588367e-06
-65.32663316582915 3.772755021176681e-06
-64.321608040201 5.659132531765101e-06
-63.31658291457287 3.772755021176734e-06
-62.311557788944725 3.7727550211767075e-06
-61.30653266331659 5.659132531765061e-06
-60.301507537688444 5.659132531765101e-06
-59.29648241206031 1.886377510588367e-06
-58.29145728643216 5.659132531765061e-06
-57.286432160804026 1.8863775105883537e-06
-56.28140703517588 5.659132531765101e-06
-55.276381909547744 7.545510042353468e-06
-54.2713567839196 1.8863775105883537e-06
-53.26633165829146 3.7727550211767075e-06
-52.26130653266332 3.772755021176734e-06
-51.25628140703518 3.772755021176734e-06
-50.25125628140704 1.8863775105883537e-06
-49.2462311557789 5.659132531765061e-06
-48.24120603015076 3.772755021176734e-06
-47.23618090452262 7.545510042353468e-06
-46.231155778894475 1.509102008470683e-05
-45.22613065326634 1.1318265063530121e-05
-44.221105527638194 3.772755021176734e-06
-43.21608040201006 7.545510042353468e-06
-42.21105527638191 2.8295662658825306e-05
-41.206030150753776 2.0750152616471892e-05
-40.20100502512563 2.4522907637648772e-05
-39.195979899497495 3.395479519059061e-05
-38.19095477386935 1.6977397595295185e-05
-37.18592964824121 1.8863775105883535e-05
-36.18090452261307 3.584117270117897e-05
-35.17587939698493 3.0182040169413873e-05
-34.170854271356795 3.206841768000224e-05
-33.16582914572865 2.6409285148236767e-05
-32.16080402010051 4.338668274353244e-05
-31.15577889447237 5.470494780706264e-05
-30.150753768844226 6.036408033882689e-05
-29.14572864321608 7.545510042353468e-05
-28.140703517587944 0.00013393280325177406
-27.135678391959807 0.00016977397595295304
-26.13065326633167 0.00017920586350589487
-25.125628140703526 0.0003037067792047228
-24.120603015075382 0.00028107024907766666
-23.115577889447245 0.00039802565473414547
-22.1105527638191 0.00043198044992472995
-21.105527638190956 0.0005621404981553333
-20.10050251256282 0.0007338008516188749
-19.095477386934682 0.0009318704902306534
-18.090452261306545 0.0011601221690118457
-17.0854271356784 0.0017316945547200964
-16.080402010050257 0.0023674037757884007
-15.07537688442212 0.0032313646756378725
-14.070351758793976 0.004493351230221427
-13.065326633165832 0.005942089158353356
-12.060301507537694 0.0074323273917181664
-11.055276381909557 0.009422455665388893
-10.05025125628142 0.011891723826749065
-9.045226130653276 0.01374226016463606
-8.040201005025132 0.017081148358377665
-7.035175879396995 0.020767130014067332
-6.030150753768851 0.024260701163676644
-5.025125628140707 0.027382655943700738
-4.02010050251257 0.03195146227434576
-3.0150753768844325 0.03652781411503314
-2.0100502512562954 0.04167007920889703
-1.0050251256281513 0.045540925860623714
-7.105427357601002e-15 0.05049078044840823
1.00502512562813 0.055114291726860325
2.010050251256274 0.05835508829005031
3.0150753768844183 0.0594303234710865
4.020100502512555 0.05869840899697822
5.025125628140692 0.056368732771401586
6.0301507537688295 0.05312416345318959
7.035175879396974 0.04857610727516035
8.040201005025118 0.04351495641425245
9.045226130653255 0.03647499554473666
10.050251256281399 0.03066495281212406
11.055276381909543 0.02553023322830296
12.06030150753768 0.019782440953540207
13.065326633165817 0.015589023747502264
14.070351758793954 0.012185998718400851
15.075376884422099 0.00956016122366171
16.080402010050243 0.0074323273917181664
17.08542713567838 0.006108090379285133
18.090452261306524 0.004700852756386144
19.095477386934668 0.003908574201939097
20.100502512562805 0.003427547936739063
21.105527638190942 0.0027899523381601948
22.11055276381908 0.0023824947958731076
23.115577889447223 0.0020693561291154094
24.120603015075368 0.0017354673097412976
25.125628140703505 0.001433646908047159
26.13065326633165 0.0013053732373271316
27.135678391959793 0.0011544630364800806
28.14070351758793 0.0010959853336518412
29.145728643216074 0.0008828246749553433
30.15075376884421 0.0008318924821694816
31.15577889447235 0.000726255341576511
32.160804020100485 0.0007017324339388825
33.16582914572862 0.0006300500885365057
34.170854271356774 0.0005583677431341488
35.17587939698491 0.00046593524511533325
36.18090452261305 0.0004074575422870815
37.1859296482412 0.0003848210121600214
38.190954773869336 0.0003338888193741457
39.19597989949747 0.00033954795190590126
40.201005025125625 0.0003320024418635479
41.20603015075376 0.0002659792289929635
42.2110552763819 0.00021881979122824748
43.216080402010036 0.00025466096392943316
44.22110552763817 0.00022259254624942417
45.226130653266324 0.00017920586350589235
46.23115577889446 0.00020938790367531172
47.2361809045226 0.0001810922410164807
48.241206030150735 0.00017920586350589742
49.24623115577887 0.0001490238233364789
50.251256281407024 0.00012450091569883045
51.25628140703516 0.00012827367072001076
52.2613065326633 0.00010752351810353541
53.26633165829145 0.00011318265063530041
54.271356783919586 0.00011506902814589202
55.27638190954772 9.431887552941702e-05
56.281407035175874 9.243249801882868e-05
57.28643216080401 6.790959038118218e-05
58.29145728643215 7.734147793412196e-05
59.296482412060286 7.545510042353575e-05
60.30150753768842 6.790959038118025e-05
61.306532663316574 6.790959038118025e-05
62.31155778894471 5.2818570296475024e-05
63.31658291457285 6.413683536000357e-05
64.32160804020099 6.602321287059378e-05
65.32663316582912 5.470494780706187e-05
66.33165829145727 3.961392772235514e-05
67.33668341708541 4.715943776470984e-05
68.34170854271355 3.206841768000178e-05
69.3467336683417 4.527306025412017e-05
70.35175879396984 4.3386682743533056e-05
71.35678391959797 5.470494780706187e-05
72.36180904522612 3.3954795190590126e-05
73.36683417085426 3.0182040169414297e-05
74.3718592964824 3.3954795190590126e-05
75.37688442211054 2.2636530127060727e-05
76.38190954773867 3.584117270117847e-05
77.38693467336682 2.4522907637648423e-05
78.39195979899496 2.075015261647233e-05
79.3969849246231 3.3954795190590126e-05
80.40201005025123 3.0182040169414297e-05
81.40703517587937 1.8863775105883403e-05
82.41206030150752 1.8863775105883403e-05
83.41708542713566 2.2636530127060727e-05
84.4221105527638 1.6977397595295063e-05
85.42713567839195 9.431887552941702e-06
86.43216080402009 1.6977397595295544e-05
87.43718592964822 1.5091020084706723e-05
88.44221105527637 1.3204642574118383e-05
89.44723618090451 9.43188755294197e-06
90.45226130653265 1.8863775105883403e-05
91.45728643216079 1.886377510588394e-05
92.46231155778892 1.3204642574118383e-05
93.46733668341707 1.3204642574118383e-05
94.47236180904521 1.1318265063530363e-05
95.47738693467335 7.545510042353362e-06
96.48241206030148 9.43188755294197e-06
97.48743718592962 1.6977397595295063e-05
98.49246231155777 1.3204642574118383e-05
99.49748743718592 1.3204642574118383e-05

-99.49748743718592 0.0
-98.4924623115578 0.0
-97.48743718592965 0.0
-96.4824120603015 0.0
-95.47738693467338 0.0
-94.47236180904522 0.0
-93.46733668341707 0.0
-92.46231155778895 0.0
-91.4572864321608 0.0
-90.45226130653268 0.0
-89.44723618090453 0.0
-88.44221105527637 0.0
-87.43718592964825 1.895851990168252e-06
-86.4321608040201 0.0
-85.42713567839195 0.0
-84.42211055276383 0.0
-83.41708542713567 0.0
-82.41206030150755 0.0
-81.4070351758794 0.0
-80.40201005025125 0.0
-79.39698492462313 0.0
-78.39195979899498 0.0
-77.38693467336682 0.0
-76.3819095477387 0.0
-75.37688442211055 1.895851990168252e-06
-74.37185929648243 0.0
-73.36683417085428 0.0
-72.36180904522612 1.895851990168252e-06
-71.356783919598 0.0
-70.35175879396985 0.0
-69.3467336683417 3.791703980336504e-06
-68.34170854271358 1.895851990168252e-06
-67.33668341708542 3.791703980336504e-06
-66.3316582914573 0.0
-65.32663316582915 5.6875559705046755e-06
-64.321608040201 0.0
-63.31658291457287 5.687555970504756e-06
-62.311557788944725 0.0
-61.30653266331659 3.7917039803364767e-06
-60.301507537688444 1.895851990168252e-06
-59.29648241206031 5.687555970504756e-06
-58.29145728643216 5.687555970504715e-06
-57.286432160804026 1.8958519901682384e-06
-56.28140703517588 5.687555970504756e-06
-55.276381909547744 1.895851990168252e-06
-54.2713567839196 5.687555970504715e-06
-53.26633165829146 5.687555970504715e-06
-52.26130653266332 5.687555970504756e-06
-51.25628140703518 7.583407960673008e-06
-50.25125628140704 7.5834079606729535e-06
-49.2462311557789 9.479259950841192e-06
-48.24120603015076 1.895851990168252e-05
-47.23618090452262 3.791703980336504e-06
-46.231155778894475 7.5834079606729535e-06
-45.22613065326634 5.687555970504715e-06
-44.221105527638194 2.4646075872187274e-05
-43.21608040201006 2.4646075872187274e-05
-42.21105527638191 3.0333631842691814e-05
-41.206030150753776 5.6875559705047155e-05
-40.20100502512563 6.066726368538406e-05
-39.195979899497495 5.6875559705047555e-05
-38.19095477386935 8.34174875674025e-05
-37.18592964824121 0.00012702208334127197
-36.18090452261307 0.00013081378732160935
-35.17587939698493 0.0001573557151839649
-34.170854271356795 0.00021233542289884422
-33.16582914572865 0.00025025246270220567
-32.16080402010051 0.000240773202751368
-31.15577889447237 0.00023887735076119973
-30.150753768844226 0.00023887735076119634
-29.14572864321608 0.00029385705847607903
-28.140703517587944 0.0003222948383286028
-27.135678391959807 0.0004341501057485296
-26.13065326633167 0.0004986090734142503
-25.125628140703526 0.00043035840176818707
-24.120603015075382 0.0004606920336108852
-23.115577889447245 0.0004493169216698757
-22.1105527638191 0.0004682754415715516
-21.105527638190956 0.0005175675933159327
-20.10050251256282 0.0005251510012766057
-19.095477386934682 0.0005611721890898025
-18.090452261306545 0.000729903016214777
-17.0854271356784 0.0009422384391136079
-16.080402010050257 0.0014920355162624142
-15.07537688442212 0.0023072518720347623
-14.070351758793976 0.003767057904464263
-13.065326633165832 0.006212706971781361
-12.060301507537694 0.009287778899834264
-11.055276381909557 0.01342642379437156
-10.05025125628142 0.019320627631804654
-9.045226130653276 0.025211039765257053
-8.040201005025132 0.03234513080426055
-7.035175879396995 0.03653875540651272
-6.030150753768851 0.039005258845721064
-5.025125628140707 0.03874742297505873
-4.02010050251257 0.03864125526360931
-3.0150753768844325 0.038406169616828446
-2.0100502512562954 0.03815022959815573
-1.0050251256281513 0.038569212887982374
-7.105427357601002e-15 0.03940907531962745
1.00502512562813 0.03880809023874412
2.010050251256274 0.03993422632090349
3.0150753768844183 0.03996645580473692
4.020100502512555 0.0395853895547131
5.025125628140692 0.03917398967284658
6.0301507537688295 0.037797601127984436
7.035175879396974 0.036275231979878815
8.040201005025118 0.03367791475334883
9.045226130653255 0.030566821637482724
10.050251256281399 0.027554312825104982
11.055276381909543 0.024359802221671868
12.06030150753768 0.021847798334698933
13.065326633165817 0.018979374273574368
14.070351758793954 0.016526141798296652
15.075376884422099 0.014543080616580453
16.080402010050243 0.01282923041746856
17.08542713567838 0.01112675533029747
18.090452261306524 0.009807242345140228
19.095477386934668 0.008885858277918596
20.100502512562805 0.007581512108682838
21.105527638190942 0.0068155879046548655
22.11055276381908 0.006066726368538405
23.115577889447223 0.005295114608539852
24.120603015075368 0.004637253967951544
25.125628140703505 0.004127269782596284
26.13065326633165 0.0034713049939980203
27.135678391959793 0.003099718003925092
28.14070351758793 0.0024721909951794007
29.145728643216074 0.002415315435474319
30.15075376884421 0.0019432482899224856
31.15577889447235 0.0017479755349351035
32.160804020100485 0.00149772307223294
33.16582914572862 0.0013081378732160752
34.170854271356774 0.001146990454051776
35.17587939698491 0.0009100089552807738
36.18090452261305 0.000892946287369234
37.1859296482412 0.000606672636853832
38.190954773869336 0.0006464855286473831
39.19597989949747 0.0005611721890897946
40.201005025125625 0.00044362936569936463
41.20603015075376 0.0004379418097288724
42.2110552763819 0.0004151915858468413
43.216080402010036 0.000346940914200795
44.22110552763817 0.00036210773012213096
45.226130653266324 0.0002824819465350655
46.23115577889446 0.0002730026865842322
47.2361809045226 0.00021423127488900943
48.241206030150735 0.0002066478669283424
49.24623115577887 0.00021423127488900943
50.251256281407024 0.00016493912314463556
51.25628140703516 0.0001687308271249768
52.2613065326633 0.0001365013432921122
53.26633165829145 0.0001440847512527851
54.271356783919586 0.00012133452737076983
55.27638190954772 0.00012702208334127108
56.281407035175874 9.479259950841124e-05
57.28643216080401 0.00012323037936093811
58.29145728643215 0.00010048015547891593
59.296482412060286 7.393822761656287e-05
60.30150753768842 8.720919154773835e-05
61.306532663316574 9.668845149857947e-05
62.31155778894471 9.100089552807738e-05
63.31658291457285 8.34174875674019e-05
64.32160804020099 7.772993159689942e-05
65.32663316582912 5.687555970504675e-05
66.33165829145727 6.82506716460561e-05
67.33668341708541 5.687555970504836e-05
68.34170854271355 5.118800373454207e-05
69.3467336683417 5.877141169521498e-05
70.35175879396984 3.602118781319729e-05
71.35678391959797 3.981289179353272e-05
72.36180904522612 4.3604595773869174e-05
73.36683417085426 4.9292151744375246e-05
74.3718592964824 3.981289179353272e-05
75.37688442211054 2.843777985252418e-05
76.38190954773867 3.79170398033645e-05
77.38693467336682 4.5500447764037404e-05
78.39195979899496 3.7917039803365576e-05
79.3969849246231 3.981289179353272e-05
80.40201005025123 4.170874378370213e-05
81.40703517587937 3.222948383285982e-05
82.41206030150752 3.222948383285982e-05
83.41708542713566 2.65419278623559e-05
84.4221105527638 2.4646075872186925e-05
85.42713567839195 3.03336318426916e-05
86.43216080402009 2.2750223882019346e-05
87.43718592964822 1.895851990168225e-05
88.44221105527637 1.895851990168225e-05
89.44723618090451 1.5166815921346229e-05
90.45226130653265 2.4646075872186925e-05
91.45728643216079 1.1375111941009673e-05
92.46231155778892 1.51668159213458e-05
93.46733668341707 1.895851990168225e-05
94.47236180904521 1.327096393117795e-05
95.47738693467335 1.1375111941009351e-05
96.48241206030148 1.327096393117795e-05
97.48743718592962 1.3270963931177576e-05
98.49246231155777 1.1375111941009351e-05
99.49748743718592 1.895851990168225e-06

-99.49748743718592 4.1776145359153243e-07
-98.4924623115578 8.355229071830649e-07
-97.48743718592965 0.0
-96.4824120603015 4.1776145359153243e-07
-95.47738693467338 1.2532843607745974e-06
-94.47236180904522 8.35522907183053e-07
-93.46733668341707 4.1776145359153243e-07
-92.46231155778895 0.0
-91.4572864321608 0.0
-90.45226130653268 1.2532843607745974e-06
-89.44723618090453 1.671045814366106e-06
-88.44221105527637 0.0
-87.43718592964825 8.355229071830649e-07
-86.4321608040201 1.2532843607745796e-06
-85.42713567839195 1.2532843607745974e-06
-84.42211055276383 4.1776145359153243e-07
-83.41708542713567 0.0
-82.41206030150755 1.6710458143661297e-06
-81.4070351758794 0.0
-80.40201005025125 8.355229071830649e-07
-79.39698492462313 2.0888072679576622e-06
-78.39195979899498 8.35522907183053e-07
-77.38693467336682 8.355229071830649e-07
-76.3819095477387 4.595375989506856e-06
-75.37688442211055 1.2532843607745974e-06
-74.37185929648243 2.924330175140727e-06
-73.36683417085428 1.671045814366106e-06
-72.36180904522612 2.0888072679576622e-06
-71.356783919598 2.924330175140727e-06
-70.35175879396985 4.595375989506792e-06
-69.3467336683417 3.7598530823237915e-06
-68.34170854271358 2.5065687215491948e-06
-67.33668341708542 4.595375989506856e-06
-66.3316582914573 2.924330175140727e-06
-65.32663316582915 2.924330175140686e-06
-64.321608040201 4.1776145359153245e-06
-63.31658291457287 5.848660350281454e-06
-62.311557788944725 4.177614535915295e-06
-61.30653266331659 9.19075197901365e-06
-60.301507537688444 4.595375989506856e-06
-59.29648241206031 5.0131374430983895e-06
-58.29145728643216 7.101944711056001e-06
-57.286432160804026 7.519706164647531e-06
-56.28140703517588 9.190751979013712e-06
-55.276381909547744 1.0026274886196779e-05
-54.2713567839196 9.608513432605178e-06
-53.26633165829146 1.7128219597252708e-05
-52.26130653266332 1.3786127968520571e-05
-51.25628140703518 2.3394641401125815e-05
-50.25125628140704 2.2141357040351064e-05
-49.2462311557789 2.5483448669083297e-05
-48.24120603015076 3.3420916287322596e-05
-47.23618090452262 3.174987047295646e-05
-46.231155778894475 5.347346605971577e-05
-45.22613065326634 4.511823698788518e-05
-44.221105527638194 5.054913588457542e-05
-43.21608040201006 4.595375989506857e-05
-42.21105527638191 5.514451187408189e-05
-41.206030150753776 5.848660350281413e-05
-40.20100502512563 8.146348345034882e-05
-39.195979899497495 8.89831896149964e-05
-38.19095477386935 8.981871252217884e-05
-37.18592964824121 0.00011196006956252988
-36.18090452261307 0.0001274172433454174
-35.17587939698493 0.00021556491005323073
-34.170854271356795 0.00019927221336316097
-33.16582914572865 0.00020679191952780563
-32.16080402010051 0.0002021965435383017
-31.15577889447237 0.00020261430499189323
-30.150753768844226 0.00022141357040350904
-29.14572864321608 0.0002214135704035122
-28.140703517587944 0.0002176537173211884
-27.135678391959807 0.00024230164308308878
-26.13065326633167 0.00029577510914280495
-25.125628140703526 0.0003083079527505466
-24.120603015075382 0.0002874198800709743
-23.115577889447245 0.00036512351043899936
-22.1105527638191 0.0003450709606666009
-21.105527638190956 0.0003772385925931538
-20.10050251256282 0.0004457514709821651
-19.095477386934682 0.0005050735973921626
-18.090452261306545 0.0005827772277601877
-17.0854271356784 0.0006057541077077134
-16.080402010050257 0.0006834577380757471
-15.07537688442212 0.0007983421378134185
-14.070351758793976 0.0009575092516317787
-13.065326633165832 0.0011033079989352372
-12.060301507537694 0.0014341750701797307
-11.055276381909557 0.0022091225665920237
-10.05025125628142 0.003682567213409358
-9.045226130653276 0.00634621424150888
-8.040201005025132 0.011467969662541155
-7.035175879396995 0.020052549772393558
-6.030150753768851 0.031822560965880944
-5.025125628140707 0.041174568865981434
-4.02010050251257 0.04836382572083812
-3.0150753768844325 0.052356789694265986
-2.0100502512562954 0.05181202875878262
-1.0050251256281513 0.05032521574544965
-7.105427357601002e-15 0.04857646630071621
1.00502512562813 0.04750031279626442
2.010050251256274 0.04642039943872965
3.0150753768844183 0.045800441441600476
4.020100502512555 0.04541067000539958
5.025125628140692 0.044573058290948556
6.0301507537688295 0.0423702021461604
7.035175879396974 0.03930132650807645
8.040201005025118 0.035388990495192306
9.045226130653255 0.03152803914109936
10.050251256281399 0.027903123008285236
11.055276381909543 0.024558942572285417
12.06030150753768 0.021423225101627374
13.065326633165817 0.018822660053020083
14.070351758793954 0.016550873268389332
15.075376884422099 0.01445496405572041
16.080402010050243 0.012653994429287517
17.08542713567838 0.01116342156287293
18.090452261306524 0.009809456691782634
19.095477386934668 0.008706566454301127
20.100502512562805 0.007712294194753279
21.105527638190942 0.00682622215168564
22.11055276381908 0.005925110696288705
23.115577889447223 0.00520238338157528
24.120603015075368 0.004623366006897489
25.125628140703505 0.004021371752272091
26.13065326633165 0.0035066896414472732
27.135678391959793 0.0031215135812359303
28.14070351758793 0.002765163061322353
29.145728643216074 0.002445157787871205
30.15075376884421 0.002227504070550082
31.15577889447235 0.001985202427466934
32.160804020100485 0.0017980452962579809
33.16582914572862 0.001597102037080406
34.170854271356774 0.0013923989248205578
35.17587939698491 0.001308428872648698
36.18090452261305 0.001165554455520359
37.1859296482412 0.001026857652927972
38.190954773869336 0.0009537493985494821
39.19597989949747 0.0008518156038731225
40.201005025125625 0.0007699343589691834
41.20603015075376 0.0007043458107553336
42.2110552763819 0.0006191224742226423
43.216080402010036 0.0005907146953784353
44.22110552763817 0.0005405833209474354
45.226130653266324 0.00048627433198053684
46.23115577889446 0.0004716526811048468
47.2361809045226 0.00040146875690145697
48.241206030150735 0.00036428798753182143
49.24623115577887 0.00033922230031631953
50.251256281407024 0.0003083079527505466
51.25628140703516 0.0002652785230306268
52.2613065326633 0.00026987389902012615
53.26633165829145 0.0002314398452897057
54.271356783919586 0.0002264267078466138
55.27638190954772 0.00020261430499189035
56.281407035175874 0.0002051208737134395
57.28643216080401 0.00019342355301288225
58.29145728643215 0.00016877562725097671
59.296482412060286 0.00015415397637527764
60.30150753768842 0.00013493694951006307
61.306532663316574 0.00013869680259238678
62.31155778894471 0.0001295060506133769
63.31658291457285 0.00011780872991281049
64.32160804020099 0.00012240410590232074
65.32663316582912 0.0001119600695625291
66.33165829145727 9.608513432605111e-05
67.33668341708541 9.232528124372997e-05
68.34170854271355 8.522333653267141e-05
69.3467336683417 9.357856560450195e-05
70.35175879396984 7.352601583211074e-05
71.35678391959797 7.937467618239004e-05
72.36180904522612 7.39437772857002e-05
73.36683417085426 6.684183257464613e-05
74.3718592964824 6.893063984260188e-05
75.37688442211054 5.4726750420491525e-05
76.38190954773867 6.0993172224362874e-05
77.38693467336682 5.263794315253234e-05
78.39195979899496 4.9295851523801525e-05
79.3969849246231 5.013137443098318e-05
80.40201005025123 4.302942971992845e-05
81.40703517587937 4.010509954478655e-05
82.41206030150752 3.63452464624628e-05
83.41708542713566 4.177614535915383e-05
84.4221105527638 3.718076936964586e-05
85.42713567839195 3.7598530823237384e-05
86.43216080402009 3.634524646246383e-05
87.43718592964822 3.258539338013907e-05
88.44221105527637 3.0496586112181437e-05
89.44723618090451 2.5901210122675378e-05
90.45226130653265 2.6736733029857696e-05
91.45728643216079 3.5091962101689224e-05
92.46231155778892 2.2976879947533958e-05
93.46733668341707 2.2976879947533958e-05
94.47236180904521 2.9243301751407686e-05
95.47738693467335 2.2559118493942433e-05
96.48241206030148 2.5901210122675378e-05
97.48743718592962 2.4647925761900065e-05
98.49246231155777 1.921702686521022e-05
99.49748743718592 2.6736733029857696e-05

