lambda_bin lambda_pdf
-989898.9898989899 0.0
-969696.9696969697 0.0
-949494.9494949495 0.0
-929292.9292929294 0.0
-909090.9090909091 0.0
-888888.8888888889 0.0
-868686.8686868687 0.0
-848484.8484848485 0.0
-828282.8282828282 0.0
-808080.808080808 0.0
-787878.7878787878 0.0
-767676.7676767677 0.0
-747474.7474747475 0.0
-727272.7272727273 0.0
-707070.7070707071 0.0
-686868.6868686869 0.0
-666666.6666666667 0.0
-646464.6464646466 0.0
-626262.6262626263 0.0
-606060.6060606061 0.0
-585858.5858585858 0.0
-565656.5656565656 0.0
-545454.5454545454 0.0
-525252.5252525252 0.0
-505050.50505050505 0.0
-484848.48484848486 0.0
-464646.4646464647 0.0
-444444.4444444445 0.0
-424242.42424242425 0.0
-404040.404040404 0.0
-383838.38383838383 0.0
-363636.36363636365 0.0
-343434.34343434346 0.0
-323232.3232323233 0.0
-303030.3030303031 0.0
-282828.28282828286 0.0
-262626.2626262626 0.0
-242424.24242424243 0.0
-222222.22222222225 0.0
-202020.20202020206 0.0
-181818.18181818188 0.0
-161616.16161616164 0.0
-141414.1414141414 0.0
-121212.12121212122 0.0
-101010.10101010103 1.8134813101517113e-10
-80808.08080808085 4.322130455861579e-09
-60606.060606060666 6.090274733259497e-08
-40404.040404040425 6.353531770116485e-07
-20202.020202020183 4.526268002007656e-06
0.0 1.344088875238593e-05
20202.020202020183 1.534072199758937e-05
40404.04040404037 9.37730028197498e-06
60606.06060606055 4.1008252866460644e-06
80808.08080808073 1.4119160987071172e-06
101010.10101010092 4.407061830553684e-07
121212.1212121211 1.2479773882694027e-07
141414.14141414128 2.980154286349312e-08
161616.16161616158 4.866174848907036e-09
181818.18181818188 9.974147205834412e-10
202020.20202020206 1.511234425126426e-10
222222.22222222225 0.0
242424.24242424243 0.0
262626.2626262626 0.0
282828.2828282828 0.0
303030.303030303 0.0
323232.32323232316 0.0
343434.34343434335 0.0
363636.36363636353 0.0
383838.3838383837 0.0
404040.4040404039 0.0
424242.4242424242 0.0
444444.4444444445 0.0
464646.4646464647 0.0
484848.48484848486 0.0
505050.50505050505 0.0
525252.5252525252 0.0
545454.5454545454 0.0
565656.5656565656 0.0
585858.5858585858 0.0
606060.606060606 0.0
626262.6262626261 0.0
646464.6464646463 0.0
666666.6666666665 0.0
686868.6868686868 0.0
707070.7070707071 0.0
727272.7272727273 0.0
747474.7474747475 0.0
767676.7676767677 0.0
787878.7878787878 0.0
808080.808080808 0.0
828282.8282828282 0.0
848484.8484848484 0.0
868686.8686868686 0.0
888888.8888888888 0.0
909090.909090909 0.0
929292.9292929292 0.0
949494.9494949495 0.0
969696.9696969697 0.0
989898.9898989899 0.0

-989898.9898989899 0.0
-969696.9696969697 0.0
-949494.9494949495 0.0
-929292.9292929294 0.0
-909090.9090909091 0.0
-888888.8888888889 0.0
-868686.8686868687 0.0
-848484.8484848485 0.0
-828282.8282828282 0.0
-808080.808080808 0.0
-787878.7878787878 0.0
-767676.7676767677 0.0
-747474.7474747475 0.0
-727272.7272727273 0.0
-707070.7070707071 0.0
-686868.6868686869 0.0
-666666.6666666667 0.0
-646464.6464646466 0.0
-626262.6262626263 0.0
-606060.6060606061 0.0
-585858.5858585858 0.0
-565656.5656565656 0.0
-545454.5454545454 0.0
-525252.5252525252 0.0
-505050.50505050505 0.0
-484848.48484848486 0.0
-464646.4646464647 0.0
-444444.4444444445 0.0
-424242.42424242425 0.0
-404040.404040404 0.0
-383838.38383838383 0.0
-363636.36363636365 0.0
-343434.34343434346 0.0
-323232.3232323233 0.0
-303030.3030303031 0.0
-282828.28282828286 0.0
-262626.2626262626 0.0
-242424.24242424243 0.0
-222222.22222222225 0.0
-202020.20202020206 0.0
-181818.18181818188 0.0
-161616.16161616164 0.0
-141414.1414141414 0.0
-121212.12121212122 0.0
-101010.10101010103 3.2239869842109336e-10
-80808.08080808085 6.319014489053431e-09
-60606.060606060666 9.04650747769588e-08
-40404.040404040425 8.461676238759968e-07
-20202.020202020183 4.713404491176701e-06
0.0 1.2725850383556767e-05
20202.020202020183 1.5269124755921406e-05
40404.04040404037 9.985848325415577e-06
60606.06060606055 4.121351521396205e-06
80808.08080808073 1.3176434804470086e-06
101010.10101010092 3.200774277924615e-07
121212.1212121211 7.756912684011506e-08
141414.14141414128 1.9730800343370917e-08
161616.16161616158 5.416298133474306e-09
181818.18181818188 7.092771365264054e-10
202020.20202020206 0.0
222222.22222222225 0.0
242424.24242424243 0.0
262626.2626262626 0.0
282828.2828282828 0.0
303030.303030303 0.0
323232.32323232316 0.0
343434.34343434335 0.0
363636.36363636353 0.0
383838.3838383837 0.0
404040.4040404039 0.0
424242.4242424242 0.0
444444.4444444445 0.0
464646.4646464647 0.0
484848.48484848486 0.0
505050.50505050505 0.0
525252.5252525252 0.0
545454.5454545454 0.0
565656.5656565656 0.0
585858.5858585858 0.0
606060.606060606 0.0
626262.6262626261 0.0
646464.6464646463 0.0
666666.6666666665 0.0
686868.6868686868 0.0
707070.7070707071 0.0
727272.7272727273 0.0
747474.7474747475 0.0
767676.7676767677 0.0
787878.7878787878 0.0
808080.808080808 0.0
828282.8282828282 0.0
848484.8484848484 0.0
868686.8686868686 0.0
888888.8888888888 0.0
909090.909090909 0.0
929292.9292929292 0.0
949494.9494949495 0.0
969696.9696969697 0.0
989898.9898989899 0.0

-989898.9898989899 0.0
-969696.9696969697 0.0
-949494.9494949495 0.0
-929292.9292929294 0.0
-909090.9090909091 0.0
-888888.8888888889 0.0
-868686.8686868687 0.0
-848484.8484848485 0.0
-828282.8282828282 0.0
-808080.808080808 0.0
-787878.7878787878 0.0
-767676.7676767677 0.0
-747474.7474747475 0.0
-727272.7272727273 0.0
-707070.7070707071 0.0
-686868.6868686869 0.0
-666666.6666666667 0.0
-646464.6464646466 0.0
-626262.6262626263 0.0
-606060.6060606061 0.0
-585858.5858585858 0.0
-565656.5656565656 0.0
-545454.5454545454 0.0
-525252.5252525252 0.0
-505050.50505050505 0.0
-484848.48484848486 0.0
-464646.4646464647 0.0
-444444.4444444445 0.0
-424242.42424242425 0.0
-404040.404040404 0.0
-383838.38383838383 0.0
-363636.36363636365 0.0
-343434.34343434346 0.0
-323232.3232323233 0.0
-303030.3030303031 0.0
-282828.28282828286 0.0
-262626.2626262626 0.0
-242424.24242424243 0.0
-222222.22222222225 0.0
-202020.20202020206 0.0
-181818.18181818188 0.0
-161616.16161616164 0.0
-141414.1414141414 0.0
-121212.12121212122 0.0
-101010.10101010103 0.0
-80808.08080808085 2.491389785661389e-09
-60606.060606060666 4.9353245277863706e-08
-40404.040404040425 5.943744202934994e-07
-20202.020202020183 4.235481273233202e-06
0.0 1.2575467899539122e-05
20202.020202020183 1.6694565678499285e-05
40404.04040404037 1.0612252748437948e-05
60606.06060606055 3.7284241330466892e-06
80808.08080808073 8.382933440706369e-07
101010.10101010092 1.4094147930313e-07
121212.1212121211 2.3608884159362684e-08
141414.14141414128 3.4404906563895374e-09
161616.16161616158 1.0677384795691544e-09
181818.18181818188 2.3727521768203705e-10
202020.20202020206 0.0
222222.22222222225 0.0
242424.24242424243 0.0
262626.2626262626 0.0
282828.2828282828 0.0
303030.303030303 0.0
323232.32323232316 0.0
343434.34343434335 0.0
363636.36363636353 0.0
383838.3838383837 0.0
404040.4040404039 0.0
424242.4242424242 0.0
444444.4444444445 0.0
464646.4646464647 0.0
484848.48484848486 0.0
505050.50505050505 0.0
525252.5252525252 0.0
545454.5454545454 0.0
565656.5656565656 0.0
585858.5858585858 0.0
606060.606060606 0.0
626262.6262626261 0.0
646464.6464646463 0.0
666666.6666666665 0.0
686868.6868686868 0.0
707070.7070707071 0.0
727272.7272727273 0.0
747474.7474747475 0.0
767676.7676767677 0.0
787878.7878787878 0.0
808080.808080808 0.0
828282.8282828282 0.0
848484.8484848484 0.0
868686.8686868686 0.0
888888.8888888888 0.0
909090.909090909 0.0
929292.9292929292 0.0
949494.9494949495 0.0
969696.9696969697 0.0
989898.9898989899 0.0

-989898.9898989899 0.0
-969696.9696969697 0.0
-949494.9494949495 0.0
-929292.9292929294 0.0
-909090.9090909091 0.0
-888888.8888888889 0.0
-868686.8686868687 0.0
-848484.8484848485 0.0
-828282.8282828282 0.0
-808080.808080808 0.0
-787878.7878787878 0.0
-767676.7676767677 0.0
-747474.7474747475 0.0
-727272.7272727273 0.0
-707070.7070707071 0.0
-686868.6868686869 0.0
-666666.6666666667 0.0
-646464.6464646466 0.0
-626262.6262626263 0.0
-606060.6060606061 0.0
-585858.5858585858 0.0
-565656.5656565656 0.0
-545454.5454545454 0.0
-525252.5252525252 0.0
-505050.50505050505 0.0
-484848.48484848486 0.0
-464646.4646464647 0.0
-444444.4444444445 0.0
-424242.42424242425 0.0
-404040.404040404 0.0
-383838.38383838383 0.0
-363636.36363636365 0.0
-343434.34343434346 0.0
-323232.3232323233 0.0
-303030.3030303031 0.0
-282828.28282828286 0.0
-262626.2626262626 0.0
-242424.24242424243 0.0
-222222.22222222225 0.0
-202020.20202020206 0.0
-181818.18181818188 0.0
-161616.16161616164 0.0
-141414.1414141414 0.0
-121212.12121212122 0.0
-101010.10101010103 0.0
-80808.08080808085 2.1401594628619405e-09
-60606.060606060666 2.807385648342428e-08
-40404.040404040425 4.0172052035249494e-07
-20202.020202020183 3.638271086865299e-06
0.0 1.347683592110786e-05
20202.020202020183 1.762736046999582e-05
40404.04040404037 1.0282459085186749e-05
60606.06060606055 3.2706672261854835e-06
80808.08080808073 6.55392362568192e-07
101010.10101010092 1.0159462861938742e-07
121212.1212121211 1.5484683172471688e-08
141414.14141414128 0.0
161616.16161616158 0.0
181818.18181818188 0.0
202020.20202020206 0.0
222222.22222222225 0.0
242424.24242424243 0.0
262626.2626262626 0.0
282828.2828282828 0.0
303030.303030303 0.0
323232.32323232316 0.0
343434.34343434335 0.0
363636.36363636353 0.0
383838.3838383837 0.0
404040.4040404039 0.0
424242.4242424242 0.0
444444.4444444445 0.0
464646.4646464647 0.0
484848.48484848486 0.0
505050.50505050505 0.0
525252.5252525252 0.0
545454.5454545454 0.0
565656.5656565656 0.0
585858.5858585858 0.0
606060.606060606 0.0
626262.6262626261 0.0
646464.6464646463 0.0
666666.6666666665 0.0
686868.6868686868 0.0
707070.7070707071 0.0
727272.7272727273 0.0
747474.7474747475 0.0
767676.7676767677 0.0
787878.7878787878 0.0
808080.808080808 0.0
828282.8282828282 0.0
848484.8484848484 0.0
868686.8686868686 0.0
888888.8888888888 0.0
909090.909090909 0.0
929292.9292929292 0.0
949494.9494949495 0.0
969696.9696969697 0.0
989898.9898989899 0.0

-989898.9898989899 0.0
-969696.9696969697 0.0
-949494.9494949495 0.0
-929292.9292929294 0.0
-909090.9090909091 0.0
-888888.8888888889 0.0
-868686.8686868687 0.0
-848484.8484848485 0.0
-828282.8282828282 0.0
-808080.808080808 0.0
-787878.7878787878 0.0
-767676.7676767677 0.0
-747474.7474747475 0.0
-727272.7272727273 0.0
-707070.7070707071 0.0
-686868.6868686869 0.0
-666666.6666666667 0.0
-646464.6464646466 0.0
-626262.6262626263 0.0
-606060.6060606061 0.0
-585858.5858585858 0.0
-565656.5656565656 0.0
-545454.5454545454 0.0
-525252.5252525252 0.0
-505050.50505050505 0.0
-484848.48484848486 0.0
-464646.4646464647 0.0
-444444.4444444445 0.0
-424242.42424242425 0.0
-404040.404040404 0.0
-383838.38383838383 0.0
-363636.36363636365 0.0
-343434.34343434346 0.0
-323232.3232323233 0.0
-303030.3030303031 0.0
-282828.28282828286 0.0
-262626.2626262626 0.0
-242424.24242424243 0.0
-222222.22222222225 0.0
-202020.20202020206 0.0
-181818.18181818188 0.0
-161616.16161616164 0.0
-141414.1414141414 0.0
-121212.12121212122 0.0
-101010.10101010103 0.0
-80808.08080808085 3.353012137965522e-10
-60606.060606060666 1.1644096697298449e-08
-40404.040404040425 2.8695687515279317e-07
-20202.020202020183 4.267348066060193e-06
0.0 1.740255974304044e-05
20202.020202020183 1.8351035431085303e-05
40404.04040404037 7.320296099606329e-06
60606.06060606055 1.6110613684353796e-06
80808.08080808073 2.1410506597336208e-07
101010.10101010092 3.2006024953307256e-08
121212.1212121211 2.6519277818454586e-09
141414.14141414128 0.0
161616.16161616158 0.0
181818.18181818188 0.0
202020.20202020206 0.0
222222.22222222225 0.0
242424.24242424243 0.0
262626.2626262626 0.0
282828.2828282828 0.0
303030.303030303 0.0
323232.32323232316 0.0
343434.34343434335 0.0
363636.36363636353 0.0
383838.3838383837 0.0
404040.4040404039 0.0
424242.4242424242 0.0
444444.4444444445 0.0
464646.4646464647 0.0
484848.48484848486 0.0
505050.50505050505 0.0
525252.5252525252 0.0
545454.5454545454 0.0
565656.5656565656 0.0
585858.5858585858 0.0
606060.606060606 0.0
626262.6262626261 0.0
646464.6464646463 0.0
666666.6666666665 0.0
686868.6868686868 0.0
707070.7070707071 0.0
727272.7272727273 0.0
747474.7474747475 0.0
767676.7676767677 0.0
787878.7878787878 0.0
808080.808080808 0.0
828282.8282828282 0.0
848484.8484848484 0.0
868686.8686868686 0.0
888888.8888888888 0.0
909090.909090909 0.0
929292.9292929292 0.0
949494.9494949495 0.0
969696.9696969697 0.0
989898.9898989899 0.0

