s_d_bin lambda_cond_mean
-15.0 -99232.18204665344
-14.696969696969697 -100625.61492459648
-14.393939393939394 -100534.23471423835
-14.09090909090909 -98757.26750187424
-13.787878787878787 -101067.41682644293
-13.484848484848484 -97870.64046581625
-13.181818181818182 -97434.42365393255
-12.878787878787879 -99451.98368179408
-12.575757575757576 -93028.13311510877
-12.272727272727273 -99300.170727774
-11.969696969696969 -97734.52116875444
-11.666666666666666 -96859.21441892795
-11.363636363636363 -98588.33206257843
-11.06060606060606 -94372.08151343396
-10.757575757575758 -94073.70708450781
-10.454545454545453 -93744.72082501503
-10.151515151515152 -92434.50241534
-9.848484848484848 -93440.8084353521
-9.545454545454545 -91761.03479679253
-9.242424242424242 -92421.45995591102
-8.93939393939394 -94273.83370028403
-8.636363636363637 -92770.44577028464
-8.333333333333332 -91633.07572993763
-8.030303030303031 -92639.3181152008
-7.727272727272727 -91089.45776220641
-7.424242424242424 -93907.86182922928
-7.121212121212121 -91953.88477078729
-6.818181818181818 -92142.32504636081
-6.515151515151516 -90909.29553286229
-6.212121212121211 -91280.7434610673
-5.909090909090908 -90888.3108176778
-5.6060606060606055 -91717.56311263597
-5.303030303030303 -88708.28633940373
-5.0 -87599.71654702027
-4.696969696969697 -88978.41312491873
-4.3939393939393945 -87475.89955488725
-4.09090909090909 -86860.62039971107
-3.787878787878787 -86478.15547936023
-3.4848484848484844 -85155.87682465698
-3.1818181818181817 -84403.89666964623
-2.878787878787879 -82720.53284587078
-2.575757575757576 -82844.95253036541
-2.2727272727272716 -83034.90710133997
-1.9696969696969688 -82796.86640532607
-1.666666666666666 -82552.60145063743
-1.3636363636363633 -82694.27485904434
-1.0606060606060606 -82616.44211188724
-0.7575757575757578 -83409.61535055959
-0.45454545454545325 -84315.59720687747
-0.1515151515151505 -84087.01147175966
0.15151515151515227 -83750.417439695
0.45454545454545503 -82769.73281167218
0.7575757575757578 -82164.15785887257
1.0606060606060623 -80414.67383663649
1.3636363636363633 -78842.41596911689
1.6666666666666679 -77808.04991669711
1.9696969696969688 -77927.1239345819
2.2727272727272734 -79537.43709238691
2.575757575757578 -81363.39893550042
2.878787878787879 -83858.69564740504
3.1818181818181834 -86407.08274808347
3.4848484848484844 -89878.94839094189
3.787878787878789 -93235.26485623584
4.09090909090909 -96066.15098975398
4.3939393939393945 -98629.11439469538
4.696969696969699 -101072.79851096534
5.0 -103893.37578002975
5.3030303030303045 -105548.5220842067
5.6060606060606055 -107295.03503377491
5.90909090909091 -109052.17153923413
6.212121212121211 -110276.30550739859
6.515151515151516 -110091.73255197253
6.81818181818182 -113202.84222497819
7.121212121212121 -114104.56180770008
7.424242424242426 -115192.79626552455
7.727272727272727 -115300.5627716443
8.030303030303031 -116305.68878717099
8.333333333333336 -116846.8914154711
8.636363636363637 -116658.78274878323
8.939393939393941 -117575.2592181471
9.242424242424242 -118874.29691727179
9.545454545454547 -118154.0589007939
9.848484848484848 -116228.37782673602
10.151515151515152 -116762.41135954842
10.454545454545457 -117947.01757272791
10.757575757575758 -119146.79486577013
11.060606060606062 -117614.13466987552
11.363636363636363 -118757.48012279003
11.666666666666668 -118536.81069207711
11.969696969696969 -118157.88166099235
12.272727272727273 -117811.92413424677
12.575757575757578 -120047.30771570852
12.878787878787879 -117610.9372707132
13.181818181818183 -116706.69162275337
13.484848484848484 -117972.55093145944
13.787878787878789 -117919.64012927144
14.090909090909093 -119284.78960099467
14.393939393939394 -118394.46173996107
14.696969696969699 -118129.8124188468
15.0 -116918.1923616296

-15.0 -116674.06261509577
-14.696969696969697 -115578.76582538434
-14.393939393939394 -118842.47012054127
-14.09090909090909 -112734.34016710521
-13.787878787878787 -115805.64329266139
-13.484848484848484 -122961.07379612458
-13.181818181818182 -115405.29734971709
-12.878787878787879 -113297.65961757032
-12.575757575757576 -121361.2546783346
-12.272727272727273 -117283.64822547205
-11.969696969696969 -120790.9550370052
-11.666666666666666 -123539.52487681176
-11.363636363636363 -122724.24108440308
-11.06060606060606 -124287.75574465937
-10.757575757575758 -123048.6192024121
-10.454545454545453 -119334.05240421042
-10.151515151515152 -121634.41381716012
-9.848484848484848 -123424.34406582106
-9.545454545454545 -123688.56503548386
-9.242424242424242 -119246.63148870194
-8.93939393939394 -116626.07451977156
-8.636363636363637 -119610.44806422413
-8.333333333333332 -118665.591927445
-8.030303030303031 -118516.53314221268
-7.727272727272727 -120714.31092299726
-7.424242424242424 -123213.68084622045
-7.121212121212121 -118983.79387660073
-6.818181818181818 -120646.3118960274
-6.515151515151516 -119141.55646312636
-6.212121212121211 -118400.02098777279
-5.909090909090908 -119500.60739313184
-5.6060606060606055 -118311.11219785761
-5.303030303030303 -118496.51925685606
-5.0 -115357.10058707187
-4.696969696969697 -116936.97271364648
-4.3939393939393945 -113755.48541378613
-4.09090909090909 -113410.9715310071
-3.787878787878787 -111105.52799580056
-3.4848484848484844 -110542.41182021999
-3.1818181818181817 -108337.21336651575
-2.878787878787879 -107274.77502312747
-2.575757575757576 -106276.73720870816
-2.2727272727272716 -105400.56392045904
-1.9696969696969688 -104287.6897913192
-1.666666666666666 -102777.47178983837
-1.3636363636363633 -101835.92847702529
-1.0606060606060606 -100364.43296385839
-0.7575757575757578 -100547.4491416802
-0.45454545454545325 -98247.64135867334
-0.1515151515151505 -97292.28388079161
0.15151515151515227 -95644.73027235783
0.45454545454545503 -94511.92527740712
0.7575757575757578 -91648.07452209777
1.0606060606060623 -88936.92390585953
1.3636363636363633 -86250.71120289426
1.6666666666666679 -83893.82729177574
1.9696969696969688 -81251.13241649939
2.2727272727272734 -79159.31851690386
2.575757575757578 -77361.86236990574
2.878787878787879 -75631.02726351054
3.1818181818181834 -75723.35653689041
3.4848484848484844 -74974.23447009176
3.787878787878789 -75563.77306239856
4.09090909090909 -76404.45057358989
4.3939393939393945 -77892.54335631302
4.696969696969699 -80553.86344123159
5.0 -82841.99429310084
5.3030303030303045 -84141.31295027703
5.6060606060606055 -87617.51271329477
5.90909090909091 -88780.98697528642
6.212121212121211 -91233.84805526488
6.515151515151516 -92862.69864703115
6.81818181818182 -94141.3685681844
7.121212121212121 -95140.15213493729
7.424242424242426 -96642.63452053614
7.727272727272727 -97935.9695459719
8.030303030303031 -99790.84668816383
8.333333333333336 -99836.66750735558
8.636363636363637 -101888.06582028659
8.939393939393941 -100866.43068237559
9.242424242424242 -99775.93014289363
9.545454545454547 -102907.51536146936
9.848484848484848 -103646.31882381742
10.151515151515152 -104758.30286654898
10.454545454545457 -103910.84315838764
10.757575757575758 -104530.24635605716
11.060606060606062 -105189.93508316697
11.363636363636363 -108406.57489855002
11.666666666666668 -102598.32250985705
11.969696969696969 -104984.0583822399
12.272727272727273 -105177.25207706925
12.575757575757578 -107267.93707690694
12.878787878787879 -107126.42160618403
13.181818181818183 -104964.12634645737
13.484848484848484 -109271.27281337978
13.787878787878789 -106552.7887209993
14.090909090909093 -107523.77299204248
14.393939393939394 -106159.28418818345
14.696969696969699 -107149.49265354448
15.0 -105892.2887648821

-15.0 -142732.25552713673
-14.696969696969697 -149405.5888538915
-14.393939393939394 -144346.70050559056
-14.09090909090909 -144924.3060022208
-13.787878787878787 -147327.236614363
-13.484848484848484 -145812.7142552139
-13.181818181818182 -142021.64305987817
-12.878787878787879 -140066.51479763986
-12.575757575757576 -143992.0674688659
-12.272727272727273 -139983.41874957542
-11.969696969696969 -140789.04471586843
-11.666666666666666 -138930.29785838217
-11.363636363636363 -137909.00531639683
-11.06060606060606 -135634.15730071714
-10.757575757575758 -135696.8645850378
-10.454545454545453 -134370.22694400308
-10.151515151515152 -134854.68539658884
-9.848484848484848 -131887.20929255642
-9.545454545454545 -130672.3234143795
-9.242424242424242 -130055.85405576094
-8.93939393939394 -126269.68311499621
-8.636363636363637 -126855.09777686678
-8.333333333333332 -124157.73354193952
-8.030303030303031 -121800.36842308461
-7.727272727272727 -118944.48958634754
-7.424242424242424 -118691.8203579872
-7.121212121212121 -116711.74857359896
-6.818181818181818 -115815.26380312651
-6.515151515151516 -113327.66366065027
-6.212121212121211 -110172.7623845113
-5.909090909090908 -108904.96477931162
-5.6060606060606055 -107241.9698962056
-5.303030303030303 -104764.62325623655
-5.0 -102659.94626442064
-4.696969696969697 -100718.88336980977
-4.3939393939393945 -99847.98919986043
-4.09090909090909 -96168.46978265511
-3.787878787878787 -96539.89450928272
-3.4848484848484844 -94350.80223744645
-3.1818181818181817 -94475.30345722575
-2.878787878787879 -91839.6838223791
-2.575757575757576 -91866.91559404535
-2.2727272727272716 -89760.55801392705
-1.9696969696969688 -90721.1882732168
-1.666666666666666 -88045.06490987822
-1.3636363636363633 -87300.05438700727
-1.0606060606060606 -87042.15996950355
-0.7575757575757578 -85280.27526456486
-0.45454545454545325 -83909.82774988322
-0.1515151515151505 -82997.9816265932
0.15151515151515227 -81555.41205305669
0.45454545454545503 -80819.6951220822
0.7575757575757578 -80481.77658950495
1.0606060606060623 -79822.62859450218
1.3636363636363633 -77995.73393797976
1.6666666666666679 -76537.35009604777
1.9696969696969688 -75133.00883661085
2.2727272727272734 -74169.64165333072
2.575757575757578 -73089.68919605613
2.878787878787879 -72152.53087191714
3.1818181818181834 -71986.41073492893
3.4848484848484844 -71002.64689313066
3.787878787878789 -69980.89673534788
4.09090909090909 -69951.9822646077
4.3939393939393945 -69083.02314614356
4.696969696969699 -68780.30106713834
5.0 -67790.0413846191
5.3030303030303045 -68247.03716054614
5.6060606060606055 -67833.82407069599
5.90909090909091 -68021.26088513283
6.212121212121211 -67732.88934668366
6.515151515151516 -68432.28337651414
6.81818181818182 -67189.68714868955
7.121212121212121 -68306.04824762382
7.424242424242426 -68079.19163639248
7.727272727272727 -67386.43166346496
8.030303030303031 -68005.85899532177
8.333333333333336 -67881.00276447677
8.636363636363637 -68640.65398152877
8.939393939393941 -69441.51683718082
9.242424242424242 -69075.82902563151
9.545454545454547 -71478.79335377757
9.848484848484848 -70018.77220482838
10.151515151515152 -70890.09044699214
10.454545454545457 -69673.6585814736
10.757575757575758 -71402.52433796201
11.060606060606062 -69205.49990237661
11.363636363636363 -68837.42416484476
11.666666666666668 -71147.99254749369
11.969696969696969 -71459.62564585275
12.272727272727273 -70813.29368439982
12.575757575757578 -68896.96796478363
12.878787878787879 -69116.84952153829
13.181818181818183 -70155.39219368581
13.484848484848484 -70154.73396835879
13.787878787878789 -70036.03287104261
14.090909090909093 -69964.68174477767
14.393939393939394 -68834.89508115566
14.696969696969699 -68941.67365376632
15.0 -69582.7035867152

-15.0 -134553.41556064674
-14.696969696969697 -117675.96466579229
-14.393939393939394 -128099.4516126142
-14.09090909090909 -130728.24688899823
-13.787878787878787 -128289.89359500394
-13.484848484848484 -131888.35047666274
-13.181818181818182 -128778.81312094482
-12.878787878787879 -128965.70041703735
-12.575757575757576 -131853.71539144154
-12.272727272727273 -133982.94332138894
-11.969696969696969 -133136.28829244187
-11.666666666666666 -129058.21769059522
-11.363636363636363 -129290.68497478186
-11.06060606060606 -130275.59818906405
-10.757575757575758 -126197.01821835764
-10.454545454545453 -125940.83696616247
-10.151515151515152 -124653.9609164852
-9.848484848484848 -122963.742185746
-9.545454545454545 -121916.58602260066
-9.242424242424242 -120428.55305080448
-8.93939393939394 -118563.25064728003
-8.636363636363637 -118429.2080707992
-8.333333333333332 -116452.17074444586
-8.030303030303031 -113466.01930543342
-7.727272727272727 -111411.0995286719
-7.424242424242424 -109829.80511630575
-7.121212121212121 -107737.99700069778
-6.818181818181818 -105838.96282119899
-6.515151515151516 -104580.03472695338
-6.212121212121211 -102953.50192786436
-5.909090909090908 -100914.9058212537
-5.6060606060606055 -99123.5843030026
-5.303030303030303 -97617.2472131812
-5.0 -95689.58840896536
-4.696969696969697 -94410.4837027832
-4.3939393939393945 -94310.7542068838
-4.09090909090909 -92048.53830124566
-3.787878787878787 -92003.27582723204
-3.4848484848484844 -90155.60441869978
-3.1818181818181817 -88691.16750545177
-2.878787878787879 -87910.05120222521
-2.575757575757576 -86476.43356145821
-2.2727272727272716 -86504.87182713719
-1.9696969696969688 -85139.64854879696
-1.666666666666666 -84870.38163207883
-1.3636363636363633 -84408.175749179
-1.0606060606060606 -81549.5661522306
-0.7575757575757578 -81644.68842482856
-0.45454545454545325 -80198.0540704534
-0.1515151515151505 -79238.85938005139
0.15151515151515227 -79065.02502200258
0.45454545454545503 -77819.7299869578
0.7575757575757578 -77405.44004607445
1.0606060606060623 -77265.45715680222
1.3636363636363633 -76421.03578167941
1.6666666666666679 -75517.49482369187
1.9696969696969688 -75044.79642327839
2.2727272727272734 -75034.73335778558
2.575757575757578 -73117.80278331891
2.878787878787879 -72283.24121681032
3.1818181818181834 -72123.35367821826
3.4848484848484844 -71297.98312423808
3.787878787878789 -71118.57655148594
4.09090909090909 -69808.25355172608
4.3939393939393945 -69356.18502849109
4.696969696969699 -68097.79180653355
5.0 -67788.91008709739
5.3030303030303045 -66268.82831179611
5.6060606060606055 -66160.95820125022
5.90909090909091 -65216.07125016287
6.212121212121211 -66045.12262732377
6.515151515151516 -64352.70269253211
6.81818181818182 -63968.79275472217
7.121212121212121 -63962.91572292618
7.424242424242426 -62905.16164329764
7.727272727272727 -62842.31078483817
8.030303030303031 -62401.8340760826
8.333333333333336 -60995.16728033029
8.636363636363637 -60454.32993905807
8.939393939393941 -59450.097724423475
9.242424242424242 -58992.94402291089
9.545454545454547 -59842.139930726844
9.848484848484848 -58915.09249464922
10.151515151515152 -58459.00229129938
10.454545454545457 -58319.60400468675
10.757575757575758 -56778.26640478394
11.060606060606062 -57340.95909155908
11.363636363636363 -56802.74000263138
11.666666666666668 -58157.450197491184
11.969696969696969 -58482.429032653316
12.272727272727273 -57223.005969292935
12.575757575757578 -57457.33615212151
12.878787878787879 -57684.044820697185
13.181818181818183 -57699.31573091433
13.484848484848484 -59216.48853396658
13.787878787878789 -58748.23970655292
14.090909090909093 -58453.695943018
14.393939393939394 -59937.26839870558
14.696969696969699 -59262.35111674307
15.0 -59853.52399917844

-15.0 -81177.25871716744
-14.696969696969697 -83279.24924811657
-14.393939393939394 -82118.68078193815
-14.09090909090909 -82295.19870927038
-13.787878787878787 -80732.07521876678
-13.484848484848484 -79876.7497295657
-13.181818181818182 -83103.64080922614
-12.878787878787879 -82384.14950137268
-12.575757575757576 -81968.05008136069
-12.272727272727273 -81459.02711482189
-11.969696969696969 -82211.41081277616
-11.666666666666666 -80271.68240980929
-11.363636363636363 -81812.83851147596
-11.06060606060606 -81114.4469766976
-10.757575757575758 -80564.89033099453
-10.454545454545453 -80205.45179492925
-10.151515151515152 -79613.46221349934
-9.848484848484848 -78615.70384168997
-9.545454545454545 -79199.95198862843
-9.242424242424242 -77575.94874307638
-8.93939393939394 -77943.7433537198
-8.636363636363637 -76993.55291590946
-8.333333333333332 -75684.13241579042
-8.030303030303031 -75333.65088445898
-7.727272727272727 -75698.51872559574
-7.424242424242424 -75618.74505053254
-7.121212121212121 -74727.94432285415
-6.818181818181818 -74716.70397729457
-6.515151515151516 -73214.02408401578
-6.212121212121211 -72579.81678372715
-5.909090909090908 -72391.60519892572
-5.6060606060606055 -71800.17400207961
-5.303030303030303 -71016.57897098508
-5.0 -70546.9446276829
-4.696969696969697 -70311.77414382539
-4.3939393939393945 -69801.25175932737
-4.09090909090909 -69323.83261334257
-3.787878787878787 -69066.82971619055
-3.4848484848484844 -68719.28469731311
-3.1818181818181817 -68629.35736462173
-2.878787878787879 -67908.76261841302
-2.575757575757576 -67201.28102009895
-2.2727272727272716 -66675.92393467262
-1.9696969696969688 -66530.99161246963
-1.666666666666666 -66028.26868064512
-1.3636363636363633 -65990.88493786934
-1.0606060606060606 -65454.35816396952
-0.7575757575757578 -64972.046634018065
-0.45454545454545325 -64576.92956516322
-0.1515151515151505 -64066.75207234283
0.15151515151515227 -63823.49622865515
0.45454545454545503 -63514.5026597079
0.7575757575757578 -63153.83403006187
1.0606060606060623 -63248.169796610186
1.3636363636363633 -62892.5907641231
1.6666666666666679 -62747.59067885933
1.9696969696969688 -62340.60232215011
2.2727272727272734 -62198.699513794905
2.575757575757578 -62232.29845218832
2.878787878787879 -62039.461896929075
3.1818181818181834 -61711.77799728945
3.4848484848484844 -61509.26632013951
3.787878787878789 -61335.8138438152
4.09090909090909 -61258.59171941725
4.3939393939393945 -60746.726601834875
4.696969696969699 -61112.09359182891
5.0 -60802.15383845849
5.3030303030303045 -60468.41735725805
5.6060606060606055 -60410.688634720565
5.90909090909091 -60161.4283058259
6.212121212121211 -60092.93595750685
6.515151515151516 -59690.153016707714
6.81818181818182 -60016.42220553214
7.121212121212121 -60054.54610516805
7.424242424242426 -59692.71044069642
7.727272727272727 -59777.188485533705
8.030303030303031 -59813.72575408014
8.333333333333336 -59809.680723556434
8.636363636363637 -59763.45728325635
8.939393939393941 -59836.226627002
9.242424242424242 -60830.141954589584
9.545454545454547 -59910.3505265584
9.848484848484848 -59185.51222702208
10.151515151515152 -59632.74878141
10.454545454545457 -59340.990529720766
10.757575757575758 -59030.7654829969
11.060606060606062 -59035.64023996224
11.363636363636363 -58621.7701096679
11.666666666666668 -58851.45200338632
11.969696969696969 -59145.7371665485
12.272727272727273 -58494.66952420123
12.575757575757578 -58287.743189781
12.878787878787879 -58417.48012972554
13.181818181818183 -57845.97465675537
13.484848484848484 -58095.14793489527
13.787878787878789 -57016.6649112688
14.090909090909093 -57909.697487555735
14.393939393939394 -57373.60794707908
14.696969696969699 -57274.311732130176
15.0 -56432.70441868455

