lambda_bin lambda_pdf
-994974.8743718592 0.0
-984924.623115578 0.0
-974874.3718592965 0.0
-964824.1206030152 0.0
-954773.8693467337 0.0
-944723.6180904522 0.0
-934673.3668341709 0.0
-924623.1155778894 0.0
-914572.8643216081 0.0
-904522.6130653266 0.0
-894472.3618090453 0.0
-884422.1105527638 0.0
-874371.8592964825 0.0
-864321.608040201 0.0
-854271.3567839195 0.0
-844221.1055276382 0.0
-834170.8542713567 0.0
-824120.6030150754 0.0
-814070.3517587939 0.0
-804020.1005025127 0.0
-793969.8492462311 0.0
-783919.5979899499 0.0
-773869.3467336684 0.0
-763819.095477387 0.0
-753768.8442211056 0.0
-743718.592964824 0.0
-733668.3417085428 0.0
-723618.0904522613 0.0
-713567.83919598 0.0
-703517.5879396985 0.0
-693467.3366834171 0.0
-683417.0854271357 0.0
-673366.8341708543 0.0
-663316.5829145729 0.0
-653266.3316582914 0.0
-643216.0804020101 0.0
-633165.8291457286 0.0
-623115.5778894473 0.0
-613065.3266331658 0.0
-603015.0753768844 0.0
-592964.824120603 0.0
-582914.5728643216 0.0
-572864.3216080402 0.0
-562814.0703517587 0.0
-552763.8190954775 0.0
-542713.567839196 0.0
-532663.3165829147 0.0
-522613.0653266332 1.0614227758925833e-10
-512562.8140703518 1.3267784698657215e-10
-502512.5628140704 3.9803354095971875e-10
-492462.311557789 6.3685366553555e-10
-482412.0603015076 6.3685366553555e-10
-472361.8090452262 5.307113879462886e-10
-462311.55778894474 1.0348872064952687e-09
-452261.30653266335 1.6452053026335043e-09
-442211.05527638196 1.9636321354012792e-09
-432160.80402010056 2.494343523347571e-09
-422110.55276381917 2.812770356115346e-09
-412060.3015075378 4.059942117789131e-09
-402010.0502512563 5.784754128614511e-09
-391959.7989949749 7.88106411100243e-09
-381909.5477386935 1.072037003651509e-08
-371859.2964824121 1.5151810125866626e-08
-361809.0452261307 2.181223804459259e-08
-351758.7939698493 2.7596992173207166e-08
-341708.5427135679 3.791932866876254e-08
-331658.2914572865 5.171782475536612e-08
-321608.0402010051 6.835562676748235e-08
-311557.78894472367 8.836344609305653e-08
-301507.5376884422 1.175791079995009e-07
-291457.2864321608 1.5618836147259362e-07
-281407.0351758794 2.0076811806008213e-07
-271356.78391959803 2.5429036153446564e-07
-261306.53266331664 3.2047007161136827e-07
-251256.28140703525 3.9155886202677397e-07
-241206.03015075385 4.7649921966757794e-07
-231155.77889447246 5.815800744809437e-07
-221105.527638191 6.918619008961751e-07
-211055.27638190956 8.293957570824645e-07
-201005.02512562816 9.818956744088315e-07
-190954.77386934677 1.1695817567560373e-06
-180904.52261306538 1.397548833448367e-06
-170854.27135678398 1.6486283910857576e-06
-160804.0201005026 1.960341724796012e-06
-150753.7688442212 2.3252058040090875e-06
-140703.5175879398 2.783766978764081e-06
-130653.26633165835 3.329152536587049e-06
-120603.0150753769 3.989622858886248e-06
-110552.7638190955 4.765469836924931e-06
-100502.51256281411 5.653482666806064e-06
-90452.26130653272 6.754761867933413e-06
-80402.01005025132 7.896268992267092e-06
-70351.75879396993 9.10695434601957e-06
-60301.507537688536 1.008619646348867e-05
-50251.25628140714 1.0427788848340301e-05
-40201.00502512575 9.620231864871825e-06
-30150.753768844297 7.1102058200103605e-06
-20100.502512562845 3.4508711934125693e-06
-10050.251256281452 6.569145559999197e-07
-5.820766091346741e-11 1.3108571282273403e-08
10050.251256281335 5.3071138794629164e-11
20100.50251256273 0.0
30150.753768844123 0.0
40201.005025125516 0.0
50251.25628140691 0.0
60301.50753768836 0.0
70351.75879396976 0.0
80402.01005025115 0.0
90452.26130653254 0.0
100502.51256281394 0.0
110552.76381909545 0.0
120603.01507537684 0.0
130653.26633165823 0.0
140703.51758793963 0.0
150753.76884422102 0.0
160804.0201005024 0.0
170854.2713567838 0.0
180904.5226130652 0.0
190954.7738693466 0.0
201005.0251256281 0.0
211055.2763819095 0.0
221105.5276381909 0.0
231155.77889447229 0.0
241206.03015075368 0.0
251256.28140703507 0.0
261306.53266331647 0.0
271356.78391959786 0.0
281407.03517587925 0.0
291457.28643216076 0.0
301507.53768844216 0.0
311557.78894472355 0.0
321608.04020100494 0.0
331658.29145728634 0.0
341708.54271356773 0.0
351758.7939698491 0.0
361809.0452261305 0.0
371859.2964824119 0.0
381909.5477386934 0.0
391959.7989949748 0.0
402010.0502512562 0.0
412060.3015075376 0.0
422110.552763819 0.0
432160.8040201004 0.0
442211.0552763818 0.0
452261.3065326632 0.0
462311.55778894457 0.0
472361.8090452261 0.0
482412.0603015075 0.0
492462.31155778887 0.0
502512.56281407026 0.0
512562.81407035165 0.0
522613.06532663305 0.0
532663.3165829144 0.0
542713.5678391958 0.0
552763.8190954772 0.0
562814.0703517587 0.0
572864.3216080401 0.0
582914.5728643215 0.0
592964.8241206029 0.0
603015.0753768843 0.0
613065.3266331657 0.0
623115.5778894471 0.0
633165.8291457285 0.0
643216.0804020099 0.0
653266.3316582914 0.0
663316.5829145728 0.0
673366.8341708542 0.0
683417.0854271356 0.0
693467.336683417 0.0
703517.5879396984 0.0
713567.8391959798 0.0
723618.0904522612 0.0
733668.3417085425 0.0
743718.592964824 0.0
753768.8442211054 0.0
763819.0954773868 0.0
773869.3467336682 0.0
783919.5979899496 0.0
793969.849246231 0.0
804020.1005025124 0.0
814070.3517587938 0.0
824120.6030150752 0.0
834170.8542713567 0.0
844221.1055276381 0.0
854271.3567839195 0.0
864321.6080402009 0.0
874371.8592964823 0.0
884422.1105527637 0.0
894472.3618090451 0.0
904522.6130653265 0.0
914572.8643216079 0.0
924623.1155778893 0.0
934673.3668341707 0.0
944723.6180904522 0.0
954773.8693467336 0.0
964824.120603015 0.0
974874.3718592963 0.0
984924.6231155777 0.0
994974.8743718592 0.0

-994974.8743718592 0.0
-984924.623115578 0.0
-974874.3718592965 0.0
-964824.1206030152 0.0
-954773.8693467337 0.0
-944723.6180904522 0.0
-934673.3668341709 0.0
-924623.1155778894 0.0
-914572.8643216081 0.0
-904522.6130653266 0.0
-894472.3618090453 0.0
-884422.1105527638 0.0
-874371.8592964825 0.0
-864321.608040201 0.0
-854271.3567839195 0.0
-844221.1055276382 0.0
-834170.8542713567 0.0
-824120.6030150754 0.0
-814070.3517587939 0.0
-804020.1005025127 0.0
-793969.8492462311 0.0
-783919.5979899499 0.0
-773869.3467336684 0.0
-763819.095477387 0.0
-753768.8442211056 0.0
-743718.592964824 0.0
-733668.3417085428 0.0
-723618.0904522613 0.0
-713567.83919598 0.0
-703517.5879396985 0.0
-693467.3366834171 0.0
-683417.0854271357 0.0
-673366.8341708543 0.0
-663316.5829145729 0.0
-653266.3316582914 0.0
-643216.0804020101 0.0
-633165.8291457286 0.0
-623115.5778894473 0.0
-613065.3266331658 0.0
-603015.0753768844 0.0
-592964.824120603 0.0
-582914.5728643216 0.0
-572864.3216080402 0.0
-562814.0703517587 0.0
-552763.8190954775 0.0
-542713.567839196 0.0
-532663.3165829147 0.0
-522613.0653266332 0.0
-512562.8140703518 0.0
-502512.5628140704 0.0
-492462.311557789 0.0
-482412.0603015076 1.2338200619142084e-10
-472361.8090452262 0.0
-462311.55778894474 0.0
-452261.30653266335 0.0
-442211.05527638196 2.467640123828417e-10
-432160.80402010056 4.935280247656834e-10
-422110.55276381917 8.019830402442354e-10
-412060.3015075378 9.870560495313667e-10
-402010.0502512563 1.6039660804884523e-09
-391959.7989949749 1.6656570835841813e-09
-381909.5477386935 3.6397691826469145e-09
-371859.2964824121 3.7631511888383356e-09
-361809.0452261307 5.86064529409249e-09
-351758.7939698493 7.094465356006698e-09
-341708.5427135679 1.1227762563419296e-08
-331658.2914572865 1.6718261838937524e-08
-321608.0402010051 2.202368810516862e-08
-311557.78894472367 3.041366452618488e-08
-301507.5376884422 4.20115731081788e-08
-291457.2864321608 5.842137993163777e-08
-281407.0351758794 8.359130919468762e-08
-271356.78391959803 1.2109943907687954e-07
-261306.53266331664 1.6243241115100556e-07
-251256.28140703525 2.1943489801144197e-07
-241206.03015075385 2.966103428841757e-07
-231155.77889447246 4.0543327234500886e-07
-221105.527638191 5.459036863939352e-07
-211055.27638190956 6.969232619722407e-07
-201005.02512562816 9.055005434388375e-07
-190954.77386934677 1.1840971134190658e-06
-180904.52261306538 1.4933541119378622e-06
-170854.27135678398 1.8998978223385937e-06
-160804.0201005026 2.329945804918791e-06
-150753.7688442212 2.8536407301982767e-06
-140703.5175879398 3.481655141712609e-06
-130653.26633165835 4.2278695151582735e-06
-120603.0150753769 5.021400887978445e-06
-110552.7638190955 5.913514483745513e-06
-100502.51256281411 6.858620651171797e-06
-90452.26130653272 7.816496856238892e-06
-80402.01005025132 8.545807894836381e-06
-70351.75879396993 9.144642461886443e-06
-60301.507537688536 9.325828937978544e-06
-50251.25628140714 8.994795015366962e-06
-40201.00502512575 7.66868521282157e-06
-30150.753768844297 5.404070180181075e-06
-20100.502512562845 2.7243363877096678e-06
-10050.251256281452 8.396145521326188e-07
-5.820766091346741e-11 1.2011238302734818e-07
10050.251256281335 7.279538365293829e-09
20100.50251256273 3.0845501547855207e-10
30150.753768844123 0.0
40201.005025125516 0.0
50251.25628140691 0.0
60301.50753768836 0.0
70351.75879396976 0.0
80402.01005025115 0.0
90452.26130653254 0.0
100502.51256281394 0.0
110552.76381909545 0.0
120603.01507537684 0.0
130653.26633165823 0.0
140703.51758793963 0.0
150753.76884422102 0.0
160804.0201005024 0.0
170854.2713567838 0.0
180904.5226130652 0.0
190954.7738693466 0.0
201005.0251256281 0.0
211055.2763819095 0.0
221105.5276381909 0.0
231155.77889447229 0.0
241206.03015075368 0.0
251256.28140703507 0.0
261306.53266331647 0.0
271356.78391959786 0.0
281407.03517587925 0.0
291457.28643216076 0.0
301507.53768844216 0.0
311557.78894472355 0.0
321608.04020100494 0.0
331658.29145728634 0.0
341708.54271356773 0.0
351758.7939698491 0.0
361809.0452261305 0.0
371859.2964824119 0.0
381909.5477386934 0.0
391959.7989949748 0.0
402010.0502512562 0.0
412060.3015075376 0.0
422110.552763819 0.0
432160.8040201004 0.0
442211.0552763818 0.0
452261.3065326632 0.0
462311.55778894457 0.0
472361.8090452261 0.0
482412.0603015075 0.0
492462.31155778887 0.0
502512.56281407026 0.0
512562.81407035165 0.0
522613.06532663305 0.0
532663.3165829144 0.0
542713.5678391958 0.0
552763.8190954772 0.0
562814.0703517587 0.0
572864.3216080401 0.0
582914.5728643215 0.0
592964.8241206029 0.0
603015.0753768843 0.0
613065.3266331657 0.0
623115.5778894471 0.0
633165.8291457285 0.0
643216.0804020099 0.0
653266.3316582914 0.0
663316.5829145728 0.0
673366.8341708542 0.0
683417.0854271356 0.0
693467.336683417 0.0
703517.5879396984 0.0
713567.8391959798 0.0
723618.0904522612 0.0
733668.3417085425 0.0
743718.592964824 0.0
753768.8442211054 0.0
763819.0954773868 0.0
773869.3467336682 0.0
783919.5979899496 0.0
793969.849246231 0.0
804020.1005025124 0.0
814070.3517587938 0.0
824120.6030150752 0.0
834170.8542713567 0.0
844221.1055276381 0.0
854271.3567839195 0.0
864321.6080402009 0.0
874371.8592964823 0.0
884422.1105527637 0.0
894472.3618090451 0.0
904522.6130653265 0.0
914572.8643216079 0.0
924623.1155778893 0.0
934673.3668341707 0.0
944723.6180904522 0.0
954773.8693467336 0.0
964824.120603015 0.0
974874.3718592963 0.0
984924.6231155777 0.0
994974.8743718592 0.0

-994974.8743718592 0.0
-984924.623115578 0.0
-974874.3718592965 0.0
-964824.1206030152 0.0
-954773.8693467337 0.0
-944723.6180904522 0.0
-934673.3668341709 0.0
-924623.1155778894 0.0
-914572.8643216081 0.0
-904522.6130653266 0.0
-894472.3618090453 0.0
-884422.1105527638 0.0
-874371.8592964825 0.0
-864321.608040201 0.0
-854271.3567839195 0.0
-844221.1055276382 0.0
-834170.8542713567 0.0
-824120.6030150754 0.0
-814070.3517587939 0.0
-804020.1005025127 0.0
-793969.8492462311 0.0
-783919.5979899499 0.0
-773869.3467336684 0.0
-763819.095477387 0.0
-753768.8442211056 0.0
-743718.592964824 0.0
-733668.3417085428 0.0
-723618.0904522613 0.0
-713567.83919598 0.0
-703517.5879396985 0.0
-693467.3366834171 0.0
-683417.0854271357 0.0
-673366.8341708543 0.0
-663316.5829145729 0.0
-653266.3316582914 0.0
-643216.0804020101 0.0
-633165.8291457286 0.0
-623115.5778894473 0.0
-613065.3266331658 0.0
-603015.0753768844 0.0
-592964.824120603 0.0
-582914.5728643216 0.0
-572864.3216080402 0.0
-562814.0703517587 0.0
-552763.8190954775 0.0
-542713.567839196 0.0
-532663.3165829147 0.0
-522613.0653266332 0.0
-512562.8140703518 0.0
-502512.5628140704 0.0
-492462.311557789 0.0
-482412.0603015076 0.0
-472361.8090452262 0.0
-462311.55778894474 0.0
-452261.30653266335 0.0
-442211.05527638196 1.013052597283595e-10
-432160.80402010056 1.013052597283595e-10
-422110.55276381917 2.02610519456719e-10
-412060.3015075378 2.02610519456719e-10
-402010.0502512563 1.0130525972835832e-10
-391959.7989949749 6.07831558370157e-10
-381909.5477386935 3.039157791850785e-10
-371859.2964824121 1.1143578570119546e-09
-361809.0452261307 1.013052597283595e-09
-351758.7939698493 2.1274104542955497e-09
-341708.5427135679 2.836547272394066e-09
-331658.2914572865 4.7613472072328965e-09
-321608.0402010051 8.20572603799712e-09
-311557.78894472367 9.927915453379115e-09
-301507.5376884422 1.6310146816265877e-08
-291457.2864321608 1.9551915127573384e-08
-281407.0351758794 2.3097599218065966e-08
-271356.78391959803 3.7685556618949733e-08
-261306.53266331664 5.521136655195593e-08
-251256.28140703525 8.519772343155034e-08
-241206.03015075385 1.1741279602516867e-07
-231155.77889447246 1.645197417988558e-07
-221105.527638191 2.3320470789468085e-07
-211055.27638190956 3.361308517786968e-07
-201005.02512562816 4.639780895558865e-07
-190954.77386934677 6.300174102506677e-07
-180904.52261306538 8.25941782565315e-07
-170854.27135678398 1.1360371825938235e-06
-160804.0201005026 1.5061052963815208e-06
-150753.7688442212 2.006654584699345e-06
-140703.5175879398 2.6634165835182998e-06
-130653.26633165835 3.407199800443875e-06
-120603.0150753769 4.334750758516775e-06
-110552.7638190955 5.406864322222004e-06
-100502.51256281411 6.532365757804078e-06
-90452.26130653272 7.738911401168839e-06
-80402.01005025132 8.825511617015222e-06
-70351.75879396993 9.839172045857187e-06
-60301.507537688536 1.036839072267814e-05
-50251.25628140714 1.0134476877965356e-05
-40201.00502512575 8.916585045511019e-06
-30150.753768844297 6.796063348876918e-06
-20100.502512562845 4.263634466187466e-06
-10050.251256281452 1.9217607770469797e-06
-5.820766091346741e-11 5.593063389602728e-07
10050.251256281335 9.48217231057445e-08
20100.50251256273 7.496589219898603e-09
30150.753768844123 6.07831558370157e-10
40201.005025125516 0.0
50251.25628140691 0.0
60301.50753768836 0.0
70351.75879396976 0.0
80402.01005025115 0.0
90452.26130653254 0.0
100502.51256281394 0.0
110552.76381909545 0.0
120603.01507537684 0.0
130653.26633165823 0.0
140703.51758793963 0.0
150753.76884422102 0.0
160804.0201005024 0.0
170854.2713567838 0.0
180904.5226130652 0.0
190954.7738693466 0.0
201005.0251256281 0.0
211055.2763819095 0.0
221105.5276381909 0.0
231155.77889447229 0.0
241206.03015075368 0.0
251256.28140703507 0.0
261306.53266331647 0.0
271356.78391959786 0.0
281407.03517587925 0.0
291457.28643216076 0.0
301507.53768844216 0.0
311557.78894472355 0.0
321608.04020100494 0.0
331658.29145728634 0.0
341708.54271356773 0.0
351758.7939698491 0.0
361809.0452261305 0.0
371859.2964824119 0.0
381909.5477386934 0.0
391959.7989949748 0.0
402010.0502512562 0.0
412060.3015075376 0.0
422110.552763819 0.0
432160.8040201004 0.0
442211.0552763818 0.0
452261.3065326632 0.0
462311.55778894457 0.0
472361.8090452261 0.0
482412.0603015075 0.0
492462.31155778887 0.0
502512.56281407026 0.0
512562.81407035165 0.0
522613.06532663305 0.0
532663.3165829144 0.0
542713.5678391958 0.0
552763.8190954772 0.0
562814.0703517587 0.0
572864.3216080401 0.0
582914.5728643215 0.0
592964.8241206029 0.0
603015.0753768843 0.0
613065.3266331657 0.0
623115.5778894471 0.0
633165.8291457285 0.0
643216.0804020099 0.0
653266.3316582914 0.0
663316.5829145728 0.0
673366.8341708542 0.0
683417.0854271356 0.0
693467.336683417 0.0
703517.5879396984 0.0
713567.8391959798 0.0
723618.0904522612 0.0
733668.3417085425 0.0
743718.592964824 0.0
753768.8442211054 0.0
763819.0954773868 0.0
773869.3467336682 0.0
783919.5979899496 0.0
793969.849246231 0.0
804020.1005025124 0.0
814070.3517587938 0.0
824120.6030150752 0.0
834170.8542713567 0.0
844221.1055276381 0.0
854271.3567839195 0.0
864321.6080402009 0.0
874371.8592964823 0.0
884422.1105527637 0.0
894472.3618090451 0.0
904522.6130653265 0.0
914572.8643216079 0.0
924623.1155778893 0.0
934673.3668341707 0.0
944723.6180904522 0.0
954773.8693467336 0.0
964824.120603015 0.0
974874.3718592963 0.0
984924.6231155777 0.0
994974.8743718592 0.0

-994974.8743718592 0.0
-984924.623115578 0.0
-974874.3718592965 0.0
-964824.1206030152 0.0
-954773.8693467337 0.0
-944723.6180904522 0.0
-934673.3668341709 0.0
-924623.1155778894 0.0
-914572.8643216081 0.0
-904522.6130653266 0.0
-894472.3618090453 0.0
-884422.1105527638 0.0
-874371.8592964825 0.0
-864321.608040201 0.0
-854271.3567839195 0.0
-844221.1055276382 0.0
-834170.8542713567 0.0
-824120.6030150754 0.0
-814070.3517587939 0.0
-804020.1005025127 0.0
-793969.8492462311 0.0
-783919.5979899499 0.0
-773869.3467336684 0.0
-763819.095477387 0.0
-753768.8442211056 0.0
-743718.592964824 0.0
-733668.3417085428 0.0
-723618.0904522613 0.0
-713567.83919598 0.0
-703517.5879396985 0.0
-693467.3366834171 0.0
-683417.0854271357 0.0
-673366.8341708543 0.0
-663316.5829145729 0.0
-653266.3316582914 0.0
-643216.0804020101 0.0
-633165.8291457286 0.0
-623115.5778894473 0.0
-613065.3266331658 0.0
-603015.0753768844 0.0
-592964.824120603 0.0
-582914.5728643216 0.0
-572864.3216080402 0.0
-562814.0703517587 0.0
-552763.8190954775 0.0
-542713.567839196 0.0
-532663.3165829147 0.0
-522613.0653266332 0.0
-512562.8140703518 0.0
-502512.5628140704 0.0
-492462.311557789 0.0
-482412.0603015076 0.0
-472361.8090452262 0.0
-462311.55778894474 0.0
-452261.30653266335 0.0
-442211.05527638196 0.0
-432160.80402010056 0.0
-422110.55276381917 0.0
-412060.3015075378 0.0
-402010.0502512563 0.0
-391959.7989949749 0.0
-381909.5477386935 0.0
-371859.2964824121 2.0078558621823905e-10
-361809.0452261307 1.0039279310911953e-10
-351758.7939698493 5.019639655455977e-10
-341708.5427135679 1.1043207242003149e-09
-331658.2914572865 1.305106310418554e-09
-321608.0402010051 1.8070702759641517e-09
-311557.78894472367 3.2125693794917876e-09
-301507.5376884422 5.220425241674216e-09
-291457.2864321608 5.822782000328933e-09
-281407.0351758794 8.7341730004934e-09
-271356.78391959803 1.69663820354412e-08
-261306.53266331664 2.6403304587698437e-08
-251256.28140703525 3.584022713995567e-08
-241206.03015075385 5.903096234816229e-08
-231155.77889447246 7.770402186645853e-08
-221105.527638191 1.1575289045481348e-07
-211055.27638190956 1.743822816305406e-07
-201005.02512562816 2.500784476348168e-07
-190954.77386934677 4.080967039885709e-07
-180904.52261306538 6.114925028276471e-07
-170854.27135678398 8.445041756339136e-07
-160804.0201005026 1.1684717189970423e-06
-150753.7688442212 1.6330895655060476e-06
-140703.5175879398 2.2128579457112127e-06
-130653.26633165835 2.9399025534074227e-06
-120603.0150753769 3.810709640835959e-06
-110552.7638190955 4.793354299788021e-06
-100502.51256281411 5.900887593367827e-06
-90452.26130653272 7.197862087544543e-06
-80402.01005025132 8.653156016454338e-06
-70351.75879396993 1.0050322518153957e-05
-60301.507537688536 1.0924944531720606e-05
-50251.25628140714 1.117050530366551e-05
-40201.00502512575 1.0496468090730882e-05
-30150.753768844297 8.379485262438783e-06
-20100.502512562845 5.087906754770178e-06
-10050.251256281452 1.993198514388459e-06
-5.820766091346741e-11 4.0639002650571585e-07
10050.251256281335 3.1623729829372657e-08
20100.50251256273 6.023567586547172e-10
30150.753768844123 0.0
40201.005025125516 0.0
50251.25628140691 0.0
60301.50753768836 0.0
70351.75879396976 0.0
80402.01005025115 0.0
90452.26130653254 0.0
100502.51256281394 0.0
110552.76381909545 0.0
120603.01507537684 0.0
130653.26633165823 0.0
140703.51758793963 0.0
150753.76884422102 0.0
160804.0201005024 0.0
170854.2713567838 0.0
180904.5226130652 0.0
190954.7738693466 0.0
201005.0251256281 0.0
211055.2763819095 0.0
221105.5276381909 0.0
231155.77889447229 0.0
241206.03015075368 0.0
251256.28140703507 0.0
261306.53266331647 0.0
271356.78391959786 0.0
281407.03517587925 0.0
291457.28643216076 0.0
301507.53768844216 0.0
311557.78894472355 0.0
321608.04020100494 0.0
331658.29145728634 0.0
341708.54271356773 0.0
351758.7939698491 0.0
361809.0452261305 0.0
371859.2964824119 0.0
381909.5477386934 0.0
391959.7989949748 0.0
402010.0502512562 0.0
412060.3015075376 0.0
422110.552763819 0.0
432160.8040201004 0.0
442211.0552763818 0.0
452261.3065326632 0.0
462311.55778894457 0.0
472361.8090452261 0.0
482412.0603015075 0.0
492462.31155778887 0.0
502512.56281407026 0.0
512562.81407035165 0.0
522613.06532663305 0.0
532663.3165829144 0.0
542713.5678391958 0.0
552763.8190954772 0.0
562814.0703517587 0.0
572864.3216080401 0.0
582914.5728643215 0.0
592964.8241206029 0.0
603015.0753768843 0.0
613065.3266331657 0.0
623115.5778894471 0.0
633165.8291457285 0.0
643216.0804020099 0.0
653266.3316582914 0.0
663316.5829145728 0.0
673366.8341708542 0.0
683417.0854271356 0.0
693467.336683417 0.0
703517.5879396984 0.0
713567.8391959798 0.0
723618.0904522612 0.0
733668.3417085425 0.0
743718.592964824 0.0
753768.8442211054 0.0
763819.0954773868 0.0
773869.3467336682 0.0
783919.5979899496 0.0
793969.849246231 0.0
804020.1005025124 0.0
814070.3517587938 0.0
824120.6030150752 0.0
834170.8542713567 0.0
844221.1055276381 0.0
854271.3567839195 0.0
864321.6080402009 0.0
874371.8592964823 0.0
884422.1105527637 0.0
894472.3618090451 0.0
904522.6130653265 0.0
914572.8643216079 0.0
924623.1155778893 0.0
934673.3668341707 0.0
944723.6180904522 0.0
954773.8693467336 0.0
964824.120603015 0.0
974874.3718592963 0.0
984924.6231155777 0.0
994974.8743718592 0.0

-994974.8743718592 0.0
-984924.623115578 0.0
-974874.3718592965 0.0
-964824.1206030152 0.0
-954773.8693467337 0.0
-944723.6180904522 0.0
-934673.3668341709 0.0
-924623.1155778894 0.0
-914572.8643216081 0.0
-904522.6130653266 0.0
-894472.3618090453 0.0
-884422.1105527638 0.0
-874371.8592964825 0.0
-864321.608040201 0.0
-854271.3567839195 0.0
-844221.1055276382 0.0
-834170.8542713567 0.0
-824120.6030150754 0.0
-814070.3517587939 0.0
-804020.1005025127 0.0
-793969.8492462311 0.0
-783919.5979899499 0.0
-773869.3467336684 0.0
-763819.095477387 0.0
-753768.8442211056 0.0
-743718.592964824 0.0
-733668.3417085428 0.0
-723618.0904522613 0.0
-713567.83919598 0.0
-703517.5879396985 0.0
-693467.3366834171 0.0
-683417.0854271357 0.0
-673366.8341708543 0.0
-663316.5829145729 0.0
-653266.3316582914 0.0
-643216.0804020101 0.0
-633165.8291457286 0.0
-623115.5778894473 0.0
-613065.3266331658 0.0
-603015.0753768844 0.0
-592964.824120603 0.0
-582914.5728643216 0.0
-572864.3216080402 0.0
-562814.0703517587 0.0
-552763.8190954775 0.0
-542713.567839196 0.0
-532663.3165829147 0.0
-522613.0653266332 0.0
-512562.8140703518 0.0
-502512.5628140704 0.0
-492462.311557789 0.0
-482412.0603015076 0.0
-472361.8090452262 0.0
-462311.55778894474 0.0
-452261.30653266335 0.0
-442211.05527638196 0.0
-432160.80402010056 0.0
-422110.55276381917 0.0
-412060.3015075378 0.0
-402010.0502512563 0.0
-391959.7989949749 0.0
-381909.5477386935 0.0
-371859.2964824121 0.0
-361809.0452261307 0.0
-351758.7939698493 4.1569913910588394e-11
-341708.5427135679 2.0784956955294197e-11
-331658.2914572865 6.23548708658826e-11
-321608.0402010051 1.8706461259764776e-10
-311557.78894472367 2.7020444041882143e-10
-301507.5376884422 5.404088808376491e-10
-291457.2864321608 7.898283643011795e-10
-281407.0351758794 1.163957589496475e-09
-271356.78391959803 1.6004416855576532e-09
-261306.53266331664 2.72282936114354e-09
-251256.28140703525 5.611938377929433e-09
-241206.03015075385 8.81282174904474e-09
-231155.77889447246 1.4341620299152995e-08
-221105.527638191 2.2759527866046883e-08
-211055.27638190956 3.5812480833971895e-08
-201005.02512562816 5.7220986497924925e-08
-190954.77386934677 8.74215289539674e-08
-180904.52261306538 1.4025688953432522e-07
-170854.27135678398 2.310871514289609e-07
-160804.0201005026 3.676027487113332e-07
-150753.7688442212 5.720435853236068e-07
-140703.5175879398 8.756702365265444e-07
-130653.26633165835 1.3431447034080507e-06
-120603.0150753769 2.0514336815736264e-06
-110552.7638190955 3.0587558354550043e-06
-100502.51256281411 4.377104085215405e-06
-90452.26130653272 5.987377055412912e-06
-80402.01005025132 8.035381219088915e-06
-70351.75879396993 1.0385515517067073e-05
-60301.507537688536 1.2697363924333583e-05
-50251.25628140714 1.4455064594214993e-05
-40201.00502512575 1.469080757600194e-05
-30150.753768844297 1.2128666717079638e-05
-20100.502512562845 6.548986592344961e-06
-10050.251256281452 1.2949859581426494e-06
-5.820766091346741e-11 1.937157988233419e-08
10050.251256281335 0.0
20100.50251256273 0.0
30150.753768844123 0.0
40201.005025125516 0.0
50251.25628140691 0.0
60301.50753768836 0.0
70351.75879396976 0.0
80402.01005025115 0.0
90452.26130653254 0.0
100502.51256281394 0.0
110552.76381909545 0.0
120603.01507537684 0.0
130653.26633165823 0.0
140703.51758793963 0.0
150753.76884422102 0.0
160804.0201005024 0.0
170854.2713567838 0.0
180904.5226130652 0.0
190954.7738693466 0.0
201005.0251256281 0.0
211055.2763819095 0.0
221105.5276381909 0.0
231155.77889447229 0.0
241206.03015075368 0.0
251256.28140703507 0.0
261306.53266331647 0.0
271356.78391959786 0.0
281407.03517587925 0.0
291457.28643216076 0.0
301507.53768844216 0.0
311557.78894472355 0.0
321608.04020100494 0.0
331658.29145728634 0.0
341708.54271356773 0.0
351758.7939698491 0.0
361809.0452261305 0.0
371859.2964824119 0.0
381909.5477386934 0.0
391959.7989949748 0.0
402010.0502512562 0.0
412060.3015075376 0.0
422110.552763819 0.0
432160.8040201004 0.0
442211.0552763818 0.0
452261.3065326632 0.0
462311.55778894457 0.0
472361.8090452261 0.0
482412.0603015075 0.0
492462.31155778887 0.0
502512.56281407026 0.0
512562.81407035165 0.0
522613.06532663305 0.0
532663.3165829144 0.0
542713.5678391958 0.0
552763.8190954772 0.0
562814.0703517587 0.0
572864.3216080401 0.0
582914.5728643215 0.0
592964.8241206029 0.0
603015.0753768843 0.0
613065.3266331657 0.0
623115.5778894471 0.0
633165.8291457285 0.0
643216.0804020099 0.0
653266.3316582914 0.0
663316.5829145728 0.0
673366.8341708542 0.0
683417.0854271356 0.0
693467.336683417 0.0
703517.5879396984 0.0
713567.8391959798 0.0
723618.0904522612 0.0
733668.3417085425 0.0
743718.592964824 0.0
753768.8442211054 0.0
763819.0954773868 0.0
773869.3467336682 0.0
783919.5979899496 0.0
793969.849246231 0.0
804020.1005025124 0.0
814070.3517587938 0.0
824120.6030150752 0.0
834170.8542713567 0.0
844221.1055276381 0.0
854271.3567839195 0.0
864321.6080402009 0.0
874371.8592964823 0.0
884422.1105527637 0.0
894472.3618090451 0.0
904522.6130653265 0.0
914572.8643216079 0.0
924623.1155778893 0.0
934673.3668341707 0.0
944723.6180904522 0.0
954773.8693467336 0.0
964824.120603015 0.0
974874.3718592963 0.0
984924.6231155777 0.0
994974.8743718592 0.0

