lambda_bin lambda_pdf
-994974.8743718592 0.0
-984924.623115578 0.0
-974874.3718592965 0.0
-964824.1206030152 0.0
-954773.8693467337 0.0
-944723.6180904522 0.0
-934673.3668341709 0.0
-924623.1155778894 0.0
-914572.8643216081 0.0
-904522.6130653266 0.0
-894472.3618090453 0.0
-884422.1105527638 0.0
-874371.8592964825 0.0
-864321.608040201 0.0
-854271.3567839195 0.0
-844221.1055276382 0.0
-834170.8542713567 0.0
-824120.6030150754 0.0
-814070.3517587939 0.0
-804020.1005025127 0.0
-793969.8492462311 0.0
-783919.5979899499 0.0
-773869.3467336684 0.0
-763819.095477387 0.0
-753768.8442211056 0.0
-743718.592964824 0.0
-733668.3417085428 0.0
-723618.0904522613 0.0
-713567.83919598 0.0
-703517.5879396985 0.0
-693467.3366834171 0.0
-683417.0854271357 0.0
-673366.8341708543 0.0
-663316.5829145729 0.0
-653266.3316582914 0.0
-643216.0804020101 0.0
-633165.8291457286 0.0
-623115.5778894473 0.0
-613065.3266331658 0.0
-603015.0753768844 0.0
-592964.824120603 0.0
-582914.5728643216 0.0
-572864.3216080402 0.0
-562814.0703517587 0.0
-552763.8190954775 0.0
-542713.567839196 0.0
-532663.3165829147 0.0
-522613.0653266332 0.0
-512562.8140703518 0.0
-502512.5628140704 0.0
-492462.311557789 0.0
-482412.0603015076 0.0
-472361.8090452262 0.0
-462311.55778894474 0.0
-452261.30653266335 0.0
-442211.05527638196 0.0
-432160.80402010056 0.0
-422110.55276381917 0.0
-412060.3015075378 0.0
-402010.0502512563 0.0
-391959.7989949749 0.0
-381909.5477386935 0.0
-371859.2964824121 0.0
-361809.0452261307 0.0
-351758.7939698493 0.0
-341708.5427135679 0.0
-331658.2914572865 0.0
-321608.0402010051 0.0
-311557.78894472367 0.0
-301507.5376884422 0.0
-291457.2864321608 0.0
-281407.0351758794 0.0
-271356.78391959803 0.0
-261306.53266331664 0.0
-251256.28140703525 0.0
-241206.03015075385 0.0
-231155.77889447246 0.0
-221105.527638191 0.0
-211055.27638190956 0.0
-201005.02512562816 0.0
-190954.77386934677 0.0
-180904.52261306538 0.0
-170854.27135678398 0.0
-160804.0201005026 0.0
-150753.7688442212 0.0
-140703.5175879398 0.0
-130653.26633165835 0.0
-120603.0150753769 0.0
-110552.7638190955 0.0
-100502.51256281411 0.0
-90452.26130653272 0.0
-80402.01005025132 0.0
-70351.75879396993 0.0
-60301.507537688536 0.0
-50251.25628140714 0.0
-40201.00502512575 0.0
-30150.753768844297 0.0
-20100.502512562845 0.0
-10050.251256281452 0.0
-5.820766091346741e-11 2.117862413440802e-09
10050.251256281335 4.791411583932024e-07
20100.50251256273 3.716545983815259e-06
30150.753768844123 8.630062420941256e-06
40201.005025125516 1.2075295102006081e-05
50251.25628140691 1.267941535544007e-05
60301.50753768836 1.151847377580547e-05
70351.75879396976 9.729258226164926e-06
80402.01005025115 7.932731008668002e-06
90452.26130653254 6.388380694257579e-06
100502.51256281394 5.184300274273012e-06
110552.76381909545 4.168986948210391e-06
120603.01507537684 3.3486682400710747e-06
130653.26633165823 2.6921561045521353e-06
140703.51758793963 2.1820790273340856e-06
150753.76884422102 1.7680873508019214e-06
160804.0201005024 1.4254474674845715e-06
170854.2713567838 1.156529366273118e-06
180904.5226130652 9.482981082659092e-07
190954.7738693466 7.702211770024085e-07
201005.0251256281 6.196260318181017e-07
211055.2763819095 4.998911675153722e-07
221105.5276381909 4.001499329014117e-07
231155.77889447229 3.1351927513257954e-07
241206.03015075368 2.3389773344631064e-07
251256.28140703507 1.7618598268005353e-07
261306.53266331647 1.3052587755217743e-07
271356.78391959786 9.802677456497539e-08
281407.03517587925 7.130136791917284e-08
291457.28643216076 4.939157699917242e-08
301507.53768844216 3.522206894734327e-08
311557.78894472355 2.6422854872451603e-08
321608.04020100494 1.8531296117607233e-08
331658.29145728634 1.2480260650633153e-08
341708.54271356773 7.43773109482195e-09
351758.7939698491 4.7399777824626925e-09
361809.0452261305 2.6221153690219754e-09
371859.2964824119 1.8405232878711518e-09
381909.5477386934 1.008505911162275e-09
391959.7989949748 4.5382766002303423e-10
402010.0502512562 2.2691383001151187e-10
412060.3015075376 2.2691383001151712e-10
422110.552763819 0.0
432160.8040201004 7.563794333717237e-11
442211.0552763818 0.0
452261.3065326632 0.0
462311.55778894457 0.0
472361.8090452261 0.0
482412.0603015075 0.0
492462.31155778887 0.0
502512.56281407026 0.0
512562.81407035165 0.0
522613.06532663305 0.0
532663.3165829144 0.0
542713.5678391958 0.0
552763.8190954772 0.0
562814.0703517587 0.0
572864.3216080401 0.0
582914.5728643215 0.0
592964.8241206029 0.0
603015.0753768843 0.0
613065.3266331657 0.0
623115.5778894471 0.0
633165.8291457285 0.0
643216.0804020099 0.0
653266.3316582914 0.0
663316.5829145728 0.0
673366.8341708542 0.0
683417.0854271356 0.0
693467.336683417 0.0
703517.5879396984 0.0
713567.8391959798 0.0
723618.0904522612 0.0
733668.3417085425 0.0
743718.592964824 0.0
753768.8442211054 0.0
763819.0954773868 0.0
773869.3467336682 0.0
783919.5979899496 0.0
793969.849246231 0.0
804020.1005025124 0.0
814070.3517587938 0.0
824120.6030150752 0.0
834170.8542713567 0.0
844221.1055276381 0.0
854271.3567839195 0.0
864321.6080402009 0.0
874371.8592964823 0.0
884422.1105527637 0.0
894472.3618090451 0.0
904522.6130653265 0.0
914572.8643216079 0.0
924623.1155778893 0.0
934673.3668341707 0.0
944723.6180904522 0.0
954773.8693467336 0.0
964824.120603015 0.0
974874.3718592963 0.0
984924.6231155777 0.0
994974.8743718592 0.0

-994974.8743718592 0.0
-984924.623115578 0.0
-974874.3718592965 0.0
-964824.1206030152 0.0
-954773.8693467337 0.0
-944723.6180904522 0.0
-934673.3668341709 0.0
-924623.1155778894 0.0
-914572.8643216081 0.0
-904522.6130653266 0.0
-894472.3618090453 0.0
-884422.1105527638 0.0
-874371.8592964825 0.0
-864321.608040201 0.0
-854271.3567839195 0.0
-844221.1055276382 0.0
-834170.8542713567 0.0
-824120.6030150754 0.0
-814070.3517587939 0.0
-804020.1005025127 0.0
-793969.8492462311 0.0
-783919.5979899499 0.0
-773869.3467336684 0.0
-763819.095477387 0.0
-753768.8442211056 0.0
-743718.592964824 0.0
-733668.3417085428 0.0
-723618.0904522613 0.0
-713567.83919598 0.0
-703517.5879396985 0.0
-693467.3366834171 0.0
-683417.0854271357 0.0
-673366.8341708543 0.0
-663316.5829145729 0.0
-653266.3316582914 0.0
-643216.0804020101 0.0
-633165.8291457286 0.0
-623115.5778894473 0.0
-613065.3266331658 0.0
-603015.0753768844 0.0
-592964.824120603 0.0
-582914.5728643216 0.0
-572864.3216080402 0.0
-562814.0703517587 0.0
-552763.8190954775 0.0
-542713.567839196 0.0
-532663.3165829147 0.0
-522613.0653266332 0.0
-512562.8140703518 0.0
-502512.5628140704 0.0
-492462.311557789 0.0
-482412.0603015076 0.0
-472361.8090452262 0.0
-462311.55778894474 0.0
-452261.30653266335 0.0
-442211.05527638196 0.0
-432160.80402010056 0.0
-422110.55276381917 0.0
-412060.3015075378 0.0
-402010.0502512563 0.0
-391959.7989949749 0.0
-381909.5477386935 0.0
-371859.2964824121 0.0
-361809.0452261307 0.0
-351758.7939698493 0.0
-341708.5427135679 0.0
-331658.2914572865 0.0
-321608.0402010051 0.0
-311557.78894472367 0.0
-301507.5376884422 0.0
-291457.2864321608 0.0
-281407.0351758794 0.0
-271356.78391959803 0.0
-261306.53266331664 0.0
-251256.28140703525 0.0
-241206.03015075385 0.0
-231155.77889447246 0.0
-221105.527638191 0.0
-211055.27638190956 0.0
-201005.02512562816 0.0
-190954.77386934677 0.0
-180904.52261306538 0.0
-170854.27135678398 0.0
-160804.0201005026 0.0
-150753.7688442212 0.0
-140703.5175879398 0.0
-130653.26633165835 0.0
-120603.0150753769 0.0
-110552.7638190955 0.0
-100502.51256281411 0.0
-90452.26130653272 0.0
-80402.01005025132 0.0
-70351.75879396993 0.0
-60301.507537688536 0.0
-50251.25628140714 0.0
-40201.00502512575 0.0
-30150.753768844297 0.0
-20100.502512562845 0.0
-10050.251256281452 0.0
-5.820766091346741e-11 3.4699504322538617e-09
10050.251256281335 1.715812803292096e-07
20100.50251256273 1.3433887203318346e-06
30150.753768844123 4.495916373491906e-06
40201.005025125516 8.451193753516677e-06
50251.25628140691 1.1326539694536113e-05
60301.50753768836 1.2096920480801289e-05
70351.75879396976 1.1400340879102837e-05
80402.01005025115 9.895003875163924e-06
90452.26130653254 8.383400244325427e-06
100502.51256281394 6.949326700010183e-06
110552.76381909545 5.695224465427701e-06
120603.01507537684 4.62078279874814e-06
130653.26633165823 3.65877788413438e-06
140703.51758793963 2.8300294241803316e-06
150753.76884422102 2.1778859041363834e-06
160804.0201005024 1.642943844214784e-06
170854.2713567838 1.2506840744551868e-06
180904.5226130652 9.175170426538823e-07
190954.7738693466 6.55354518951341e-07
201005.0251256281 4.634714390782007e-07
211055.2763819095 3.295935007591616e-07
221105.5276381909 2.1995342516092508e-07
231155.77889447229 1.6339841214568745e-07
241206.03015075368 1.1885874988093313e-07
251256.28140703507 8.172510122532324e-08
261306.53266331647 5.0081224895364855e-08
271356.78391959786 3.4854875237416056e-08
281407.03517587925 2.040538015385083e-08
291457.28643216076 1.6417526672006883e-08
301507.53768844216 9.632996722376503e-09
311557.78894472355 7.82033604881085e-09
321608.04020100494 5.489772325655426e-09
331658.29145728634 4.143224396720981e-09
341708.54271356773 2.6930958578686996e-09
351758.7939698491 2.589515247950613e-09
361809.0452261305 1.3983382338933633e-09
371859.2964824119 8.286448793441961e-10
381909.5477386934 2.0716121983604902e-10
391959.7989949748 1.0358060991802691e-10
402010.0502512562 5.1790304959012255e-11
412060.3015075376 0.0
422110.552763819 0.0
432160.8040201004 0.0
442211.0552763818 0.0
452261.3065326632 0.0
462311.55778894457 0.0
472361.8090452261 0.0
482412.0603015075 0.0
492462.31155778887 0.0
502512.56281407026 0.0
512562.81407035165 0.0
522613.06532663305 0.0
532663.3165829144 0.0
542713.5678391958 0.0
552763.8190954772 0.0
562814.0703517587 0.0
572864.3216080401 0.0
582914.5728643215 0.0
592964.8241206029 0.0
603015.0753768843 0.0
613065.3266331657 0.0
623115.5778894471 0.0
633165.8291457285 0.0
643216.0804020099 0.0
653266.3316582914 0.0
663316.5829145728 0.0
673366.8341708542 0.0
683417.0854271356 0.0
693467.336683417 0.0
703517.5879396984 0.0
713567.8391959798 0.0
723618.0904522612 0.0
733668.3417085425 0.0
743718.592964824 0.0
753768.8442211054 0.0
763819.0954773868 0.0
773869.3467336682 0.0
783919.5979899496 0.0
793969.849246231 0.0
804020.1005025124 0.0
814070.3517587938 0.0
824120.6030150752 0.0
834170.8542713567 0.0
844221.1055276381 0.0
854271.3567839195 0.0
864321.6080402009 0.0
874371.8592964823 0.0
884422.1105527637 0.0
894472.3618090451 0.0
904522.6130653265 0.0
914572.8643216079 0.0
924623.1155778893 0.0
934673.3668341707 0.0
944723.6180904522 0.0
954773.8693467336 0.0
964824.120603015 0.0
974874.3718592963 0.0
984924.6231155777 0.0
994974.8743718592 0.0

-994974.8743718592 0.0
-984924.623115578 0.0
-974874.3718592965 0.0
-964824.1206030152 0.0
-954773.8693467337 0.0
-944723.6180904522 0.0
-934673.3668341709 0.0
-924623.1155778894 0.0
-914572.8643216081 0.0
-904522.6130653266 0.0
-894472.3618090453 0.0
-884422.1105527638 0.0
-874371.8592964825 0.0
-864321.608040201 0.0
-854271.3567839195 0.0
-844221.1055276382 0.0
-834170.8542713567 0.0
-824120.6030150754 0.0
-814070.3517587939 0.0
-804020.1005025127 0.0
-793969.8492462311 0.0
-783919.5979899499 0.0
-773869.3467336684 0.0
-763819.095477387 0.0
-753768.8442211056 0.0
-743718.592964824 0.0
-733668.3417085428 0.0
-723618.0904522613 0.0
-713567.83919598 0.0
-703517.5879396985 0.0
-693467.3366834171 0.0
-683417.0854271357 0.0
-673366.8341708543 0.0
-663316.5829145729 0.0
-653266.3316582914 0.0
-643216.0804020101 0.0
-633165.8291457286 0.0
-623115.5778894473 0.0
-613065.3266331658 0.0
-603015.0753768844 0.0
-592964.824120603 0.0
-582914.5728643216 0.0
-572864.3216080402 0.0
-562814.0703517587 0.0
-552763.8190954775 0.0
-542713.567839196 0.0
-532663.3165829147 0.0
-522613.0653266332 0.0
-512562.8140703518 0.0
-502512.5628140704 0.0
-492462.311557789 0.0
-482412.0603015076 0.0
-472361.8090452262 0.0
-462311.55778894474 0.0
-452261.30653266335 0.0
-442211.05527638196 0.0
-432160.80402010056 0.0
-422110.55276381917 0.0
-412060.3015075378 0.0
-402010.0502512563 0.0
-391959.7989949749 0.0
-381909.5477386935 0.0
-371859.2964824121 0.0
-361809.0452261307 0.0
-351758.7939698493 0.0
-341708.5427135679 0.0
-331658.2914572865 0.0
-321608.0402010051 0.0
-311557.78894472367 0.0
-301507.5376884422 0.0
-291457.2864321608 0.0
-281407.0351758794 0.0
-271356.78391959803 0.0
-261306.53266331664 0.0
-251256.28140703525 0.0
-241206.03015075385 0.0
-231155.77889447246 0.0
-221105.527638191 0.0
-211055.27638190956 0.0
-201005.02512562816 0.0
-190954.77386934677 0.0
-180904.52261306538 0.0
-170854.27135678398 0.0
-160804.0201005026 0.0
-150753.7688442212 0.0
-140703.5175879398 0.0
-130653.26633165835 0.0
-120603.0150753769 0.0
-110552.7638190955 0.0
-100502.51256281411 0.0
-90452.26130653272 0.0
-80402.01005025132 0.0
-70351.75879396993 0.0
-60301.507537688536 0.0
-50251.25628140714 0.0
-40201.00502512575 0.0
-30150.753768844297 0.0
-20100.502512562845 0.0
-10050.251256281452 2.523122281409706e-10
-5.820766091346741e-11 2.2539892380593374e-08
10050.251256281335 3.1572670148040123e-07
20100.50251256273 1.7744277964393993e-06
30150.753768844123 4.734386648837172e-06
40201.005025125516 8.49232497476879e-06
50251.25628140691 1.1707876114273365e-05
60301.50753768836 1.2904761220497932e-05
70351.75879396976 1.2349169694131808e-05
80402.01005025115 1.0668602046560583e-05
90452.26130653254 8.675755964627374e-06
100502.51256281394 6.929082513283301e-06
110552.76381909545 5.338926747462876e-06
120603.01507537684 4.034472527974167e-06
130653.26633165823 3.0253918235622964e-06
140703.51758793963 2.2639976231089553e-06
150753.76884422102 1.6920899059893764e-06
160804.0201005024 1.2631591181497605e-06
170854.2713567838 9.342280767299562e-07
180904.5226130652 6.67534051584969e-07
190954.7738693466 4.819163557492483e-07
201005.0251256281 3.3750965717656776e-07
211055.2763819095 2.4953679363142284e-07
221105.5276381909 1.8923417110572578e-07
231155.77889447229 1.3658501950031366e-07
241206.03015075368 9.571043854147374e-08
251256.28140703507 7.317054616088232e-08
261306.53266331647 4.7182386662360954e-08
271356.78391959786 3.0445675529010807e-08
281407.03517587925 2.3128620912922038e-08
291457.28643216076 1.3624860319612255e-08
301507.53768844216 8.830927984934073e-09
311557.78894472355 5.5508690191012894e-09
321608.04020100494 3.868787498161594e-09
331658.29145728634 3.364163041879569e-09
341708.54271356773 2.018497825127788e-09
351758.7939698491 1.6820815209397845e-09
361809.0452261305 7.569366844229205e-10
371859.2964824119 1.0092489125638708e-09
381909.5477386934 1.6820815209397844e-10
391959.7989949748 0.0
402010.0502512562 0.0
412060.3015075376 0.0
422110.552763819 0.0
432160.8040201004 0.0
442211.0552763818 0.0
452261.3065326632 0.0
462311.55778894457 0.0
472361.8090452261 0.0
482412.0603015075 0.0
492462.31155778887 0.0
502512.56281407026 0.0
512562.81407035165 0.0
522613.06532663305 0.0
532663.3165829144 0.0
542713.5678391958 0.0
552763.8190954772 0.0
562814.0703517587 0.0
572864.3216080401 0.0
582914.5728643215 0.0
592964.8241206029 0.0
603015.0753768843 0.0
613065.3266331657 0.0
623115.5778894471 0.0
633165.8291457285 0.0
643216.0804020099 0.0
653266.3316582914 0.0
663316.5829145728 0.0
673366.8341708542 0.0
683417.0854271356 0.0
693467.336683417 0.0
703517.5879396984 0.0
713567.8391959798 0.0
723618.0904522612 0.0
733668.3417085425 0.0
743718.592964824 0.0
753768.8442211054 0.0
763819.0954773868 0.0
773869.3467336682 0.0
783919.5979899496 0.0
793969.849246231 0.0
804020.1005025124 0.0
814070.3517587938 0.0
824120.6030150752 0.0
834170.8542713567 0.0
844221.1055276381 0.0
854271.3567839195 0.0
864321.6080402009 0.0
874371.8592964823 0.0
884422.1105527637 0.0
894472.3618090451 0.0
904522.6130653265 0.0
914572.8643216079 0.0
924623.1155778893 0.0
934673.3668341707 0.0
944723.6180904522 0.0
954773.8693467336 0.0
964824.120603015 0.0
974874.3718592963 0.0
984924.6231155777 0.0
994974.8743718592 0.0

-994974.8743718592 0.0
-984924.623115578 0.0
-974874.3718592965 0.0
-964824.1206030152 0.0
-954773.8693467337 0.0
-944723.6180904522 0.0
-934673.3668341709 0.0
-924623.1155778894 0.0
-914572.8643216081 0.0
-904522.6130653266 0.0
-894472.3618090453 0.0
-884422.1105527638 0.0
-874371.8592964825 0.0
-864321.608040201 0.0
-854271.3567839195 0.0
-844221.1055276382 0.0
-834170.8542713567 0.0
-824120.6030150754 0.0
-814070.3517587939 0.0
-804020.1005025127 0.0
-793969.8492462311 0.0
-783919.5979899499 0.0
-773869.3467336684 0.0
-763819.095477387 0.0
-753768.8442211056 0.0
-743718.592964824 0.0
-733668.3417085428 0.0
-723618.0904522613 0.0
-713567.83919598 0.0
-703517.5879396985 0.0
-693467.3366834171 0.0
-683417.0854271357 0.0
-673366.8341708543 0.0
-663316.5829145729 0.0
-653266.3316582914 0.0
-643216.0804020101 0.0
-633165.8291457286 0.0
-623115.5778894473 0.0
-613065.3266331658 0.0
-603015.0753768844 0.0
-592964.824120603 0.0
-582914.5728643216 0.0
-572864.3216080402 0.0
-562814.0703517587 0.0
-552763.8190954775 0.0
-542713.567839196 0.0
-532663.3165829147 0.0
-522613.0653266332 0.0
-512562.8140703518 0.0
-502512.5628140704 0.0
-492462.311557789 0.0
-482412.0603015076 0.0
-472361.8090452262 0.0
-462311.55778894474 0.0
-452261.30653266335 0.0
-442211.05527638196 0.0
-432160.80402010056 0.0
-422110.55276381917 0.0
-412060.3015075378 0.0
-402010.0502512563 0.0
-391959.7989949749 0.0
-381909.5477386935 0.0
-371859.2964824121 0.0
-361809.0452261307 0.0
-351758.7939698493 0.0
-341708.5427135679 0.0
-331658.2914572865 0.0
-321608.0402010051 0.0
-311557.78894472367 0.0
-301507.5376884422 0.0
-291457.2864321608 0.0
-281407.0351758794 0.0
-271356.78391959803 0.0
-261306.53266331664 0.0
-251256.28140703525 0.0
-241206.03015075385 0.0
-231155.77889447246 0.0
-221105.527638191 0.0
-211055.27638190956 0.0
-201005.02512562816 0.0
-190954.77386934677 0.0
-180904.52261306538 0.0
-170854.27135678398 0.0
-160804.0201005026 0.0
-150753.7688442212 0.0
-140703.5175879398 0.0
-130653.26633165835 0.0
-120603.0150753769 0.0
-110552.7638190955 0.0
-100502.51256281411 0.0
-90452.26130653272 0.0
-80402.01005025132 0.0
-70351.75879396993 0.0
-60301.507537688536 0.0
-50251.25628140714 0.0
-40201.00502512575 0.0
-30150.753768844297 0.0
-20100.502512562845 0.0
-10050.251256281452 0.0
-5.820766091346741e-11 2.836565755789001e-09
10050.251256281335 1.3380485893736114e-07
20100.50251256273 1.141677194337133e-06
30150.753768844123 4.056856343929429e-06
40201.005025125516 8.537009343358457e-06
50251.25628140691 1.196366182108745e-05
60301.50753768836 1.3356658741387333e-05
70351.75879396976 1.292744582016882e-05
80402.01005025115 1.1379734499074181e-05
90452.26130653254 9.58605240458522e-06
100502.51256281394 7.658322316950814e-06
110552.76381909545 5.704090600683976e-06
120603.01507537684 4.090895132998945e-06
130653.26633165823 2.915584373271661e-06
140703.51758793963 1.967847231894672e-06
150753.76884422102 1.342911273526377e-06
160804.0201005024 8.958685104140566e-07
170854.2713567838 6.088080559281921e-07
180904.5226130652 3.94201595318796e-07
190954.7738693466 2.6842016523351606e-07
201005.0251256281 1.8380946097512514e-07
211055.2763819095 1.2237755117832688e-07
221105.5276381909 7.885652801093331e-08
231155.77889447229 5.810907562573534e-08
241206.03015075368 4.133281529863925e-08
251256.28140703507 2.7231031255574723e-08
261306.53266331647 2.02611839699212e-08
271356.78391959786 1.4263873514824854e-08
281407.03517587925 9.158055154404383e-09
291457.28643216076 6.5646236062544685e-09
301507.53768844216 3.2417894351874667e-09
311557.78894472355 1.2967157740749566e-09
321608.04020100494 5.673131511578067e-10
331658.29145728634 1.6208947175936958e-10
341708.54271356773 8.104473587968668e-11
351758.7939698491 0.0
361809.0452261305 0.0
371859.2964824119 0.0
381909.5477386934 0.0
391959.7989949748 0.0
402010.0502512562 0.0
412060.3015075376 0.0
422110.552763819 0.0
432160.8040201004 0.0
442211.0552763818 0.0
452261.3065326632 0.0
462311.55778894457 0.0
472361.8090452261 0.0
482412.0603015075 0.0
492462.31155778887 0.0
502512.56281407026 0.0
512562.81407035165 0.0
522613.06532663305 0.0
532663.3165829144 0.0
542713.5678391958 0.0
552763.8190954772 0.0
562814.0703517587 0.0
572864.3216080401 0.0
582914.5728643215 0.0
592964.8241206029 0.0
603015.0753768843 0.0
613065.3266331657 0.0
623115.5778894471 0.0
633165.8291457285 0.0
643216.0804020099 0.0
653266.3316582914 0.0
663316.5829145728 0.0
673366.8341708542 0.0
683417.0854271356 0.0
693467.336683417 0.0
703517.5879396984 0.0
713567.8391959798 0.0
723618.0904522612 0.0
733668.3417085425 0.0
743718.592964824 0.0
753768.8442211054 0.0
763819.0954773868 0.0
773869.3467336682 0.0
783919.5979899496 0.0
793969.849246231 0.0
804020.1005025124 0.0
814070.3517587938 0.0
824120.6030150752 0.0
834170.8542713567 0.0
844221.1055276381 0.0
854271.3567839195 0.0
864321.6080402009 0.0
874371.8592964823 0.0
884422.1105527637 0.0
894472.3618090451 0.0
904522.6130653265 0.0
914572.8643216079 0.0
924623.1155778893 0.0
934673.3668341707 0.0
944723.6180904522 0.0
954773.8693467336 0.0
964824.120603015 0.0
974874.3718592963 0.0
984924.6231155777 0.0
994974.8743718592 0.0

-994974.8743718592 0.0
-984924.623115578 0.0
-974874.3718592965 0.0
-964824.1206030152 0.0
-954773.8693467337 0.0
-944723.6180904522 0.0
-934673.3668341709 0.0
-924623.1155778894 0.0
-914572.8643216081 0.0
-904522.6130653266 0.0
-894472.3618090453 0.0
-884422.1105527638 0.0
-874371.8592964825 0.0
-864321.608040201 0.0
-854271.3567839195 0.0
-844221.1055276382 0.0
-834170.8542713567 0.0
-824120.6030150754 0.0
-814070.3517587939 0.0
-804020.1005025127 0.0
-793969.8492462311 0.0
-783919.5979899499 0.0
-773869.3467336684 0.0
-763819.095477387 0.0
-753768.8442211056 0.0
-743718.592964824 0.0
-733668.3417085428 0.0
-723618.0904522613 0.0
-713567.83919598 0.0
-703517.5879396985 0.0
-693467.3366834171 0.0
-683417.0854271357 0.0
-673366.8341708543 0.0
-663316.5829145729 0.0
-653266.3316582914 0.0
-643216.0804020101 0.0
-633165.8291457286 0.0
-623115.5778894473 0.0
-613065.3266331658 0.0
-603015.0753768844 0.0
-592964.824120603 0.0
-582914.5728643216 0.0
-572864.3216080402 0.0
-562814.0703517587 0.0
-552763.8190954775 0.0
-542713.567839196 0.0
-532663.3165829147 0.0
-522613.0653266332 0.0
-512562.8140703518 0.0
-502512.5628140704 0.0
-492462.311557789 0.0
-482412.0603015076 0.0
-472361.8090452262 0.0
-462311.55778894474 0.0
-452261.30653266335 0.0
-442211.05527638196 0.0
-432160.80402010056 0.0
-422110.55276381917 0.0
-412060.3015075378 0.0
-402010.0502512563 0.0
-391959.7989949749 0.0
-381909.5477386935 0.0
-371859.2964824121 0.0
-361809.0452261307 0.0
-351758.7939698493 0.0
-341708.5427135679 0.0
-331658.2914572865 0.0
-321608.0402010051 0.0
-311557.78894472367 0.0
-301507.5376884422 0.0
-291457.2864321608 0.0
-281407.0351758794 0.0
-271356.78391959803 0.0
-261306.53266331664 0.0
-251256.28140703525 0.0
-241206.03015075385 0.0
-231155.77889447246 0.0
-221105.527638191 0.0
-211055.27638190956 0.0
-201005.02512562816 0.0
-190954.77386934677 0.0
-180904.52261306538 0.0
-170854.27135678398 0.0
-160804.0201005026 0.0
-150753.7688442212 0.0
-140703.5175879398 0.0
-130653.26633165835 0.0
-120603.0150753769 0.0
-110552.7638190955 0.0
-100502.51256281411 0.0
-90452.26130653272 0.0
-80402.01005025132 0.0
-70351.75879396993 0.0
-60301.507537688536 0.0
-50251.25628140714 0.0
-40201.00502512575 0.0
-30150.753768844297 0.0
-20100.502512562845 0.0
-10050.251256281452 0.0
-5.820766091346741e-11 3.670202771786935e-09
10050.251256281335 8.749173553923157e-07
20100.50251256273 5.989328533043607e-06
30150.753768844123 1.3021142116778926e-05
40201.005025125516 1.678113377780422e-05
50251.25628140691 1.6507130202123002e-05
60301.50753768836 1.3983079324496797e-05
70351.75879396976 1.0819364535216746e-05
80402.01005025115 7.780403870509344e-06
90452.26130653254 5.261383136860856e-06
100502.51256281394 3.3725231112608912e-06
110552.76381909545 2.0572305777555663e-06
120603.01507537684 1.2356786260584227e-06
130653.26633165823 7.357118074052457e-07
140703.51758793963 4.400802511045822e-07
150753.76884422102 2.558491798279122e-07
160804.0201005024 1.5182187001508094e-07
170854.2713567838 8.724923999895178e-08
180904.5226130652 5.27591648444378e-08
190954.7738693466 3.085264205033356e-08
201005.0251256281 1.9612646061736206e-08
211055.2763819095 1.323894571251731e-08
221105.5276381909 9.290200766085572e-09
231155.77889447229 6.390085183021969e-09
241206.03015075368 4.4402899605100354e-09
251256.28140703507 2.785421746445474e-09
261306.53266331647 1.9497952225117867e-09
271356.78391959786 8.192416901310217e-10
281407.03517587925 1.474635042235805e-10
291457.28643216076 1.6384833802620054e-11
301507.53768844216 0.0
311557.78894472355 0.0
321608.04020100494 0.0
331658.29145728634 0.0
341708.54271356773 0.0
351758.7939698491 0.0
361809.0452261305 0.0
371859.2964824119 0.0
381909.5477386934 0.0
391959.7989949748 0.0
402010.0502512562 0.0
412060.3015075376 0.0
422110.552763819 0.0
432160.8040201004 0.0
442211.0552763818 0.0
452261.3065326632 0.0
462311.55778894457 0.0
472361.8090452261 0.0
482412.0603015075 0.0
492462.31155778887 0.0
502512.56281407026 0.0
512562.81407035165 0.0
522613.06532663305 0.0
532663.3165829144 0.0
542713.5678391958 0.0
552763.8190954772 0.0
562814.0703517587 0.0
572864.3216080401 0.0
582914.5728643215 0.0
592964.8241206029 0.0
603015.0753768843 0.0
613065.3266331657 0.0
623115.5778894471 0.0
633165.8291457285 0.0
643216.0804020099 0.0
653266.3316582914 0.0
663316.5829145728 0.0
673366.8341708542 0.0
683417.0854271356 0.0
693467.336683417 0.0
703517.5879396984 0.0
713567.8391959798 0.0
723618.0904522612 0.0
733668.3417085425 0.0
743718.592964824 0.0
753768.8442211054 0.0
763819.0954773868 0.0
773869.3467336682 0.0
783919.5979899496 0.0
793969.849246231 0.0
804020.1005025124 0.0
814070.3517587938 0.0
824120.6030150752 0.0
834170.8542713567 0.0
844221.1055276381 0.0
854271.3567839195 0.0
864321.6080402009 0.0
874371.8592964823 0.0
884422.1105527637 0.0
894472.3618090451 0.0
904522.6130653265 0.0
914572.8643216079 0.0
924623.1155778893 0.0
934673.3668341707 0.0
944723.6180904522 0.0
954773.8693467336 0.0
964824.120603015 0.0
974874.3718592963 0.0
984924.6231155777 0.0
994974.8743718592 0.0

