lambda_bin lambda_pdf
-994974.8743718592 0.0
-984924.623115578 0.0
-974874.3718592965 0.0
-964824.1206030152 0.0
-954773.8693467337 0.0
-944723.6180904522 0.0
-934673.3668341709 0.0
-924623.1155778894 0.0
-914572.8643216081 0.0
-904522.6130653266 0.0
-894472.3618090453 0.0
-884422.1105527638 0.0
-874371.8592964825 0.0
-864321.608040201 0.0
-854271.3567839195 0.0
-844221.1055276382 0.0
-834170.8542713567 0.0
-824120.6030150754 0.0
-814070.3517587939 0.0
-804020.1005025127 0.0
-793969.8492462311 0.0
-783919.5979899499 0.0
-773869.3467336684 0.0
-763819.095477387 0.0
-753768.8442211056 0.0
-743718.592964824 0.0
-733668.3417085428 0.0
-723618.0904522613 0.0
-713567.83919598 0.0
-703517.5879396985 0.0
-693467.3366834171 0.0
-683417.0854271357 0.0
-673366.8341708543 0.0
-663316.5829145729 0.0
-653266.3316582914 0.0
-643216.0804020101 0.0
-633165.8291457286 0.0
-623115.5778894473 0.0
-613065.3266331658 0.0
-603015.0753768844 0.0
-592964.824120603 0.0
-582914.5728643216 0.0
-572864.3216080402 0.0
-562814.0703517587 0.0
-552763.8190954775 0.0
-542713.567839196 0.0
-532663.3165829147 0.0
-522613.0653266332 0.0
-512562.8140703518 0.0
-502512.5628140704 0.0
-492462.311557789 0.0
-482412.0603015076 0.0
-472361.8090452262 0.0
-462311.55778894474 0.0
-452261.30653266335 0.0
-442211.05527638196 0.0
-432160.80402010056 0.0
-422110.55276381917 0.0
-412060.3015075378 0.0
-402010.0502512563 0.0
-391959.7989949749 0.0
-381909.5477386935 0.0
-371859.2964824121 0.0
-361809.0452261307 0.0
-351758.7939698493 0.0
-341708.5427135679 0.0
-331658.2914572865 0.0
-321608.0402010051 0.0
-311557.78894472367 0.0
-301507.5376884422 0.0
-291457.2864321608 0.0
-281407.0351758794 0.0
-271356.78391959803 0.0
-261306.53266331664 0.0
-251256.28140703525 0.0
-241206.03015075385 0.0
-231155.77889447246 0.0
-221105.527638191 0.0
-211055.27638190956 0.0
-201005.02512562816 0.0
-190954.77386934677 0.0
-180904.52261306538 0.0
-170854.27135678398 0.0
-160804.0201005026 0.0
-150753.7688442212 0.0
-140703.5175879398 0.0
-130653.26633165835 0.0
-120603.0150753769 0.0
-110552.7638190955 5.3071138794629164e-11
-100502.51256281411 1.592134163838875e-10
-90452.26130653272 5.572469573436063e-10
-80402.01005025132 1.5390630250442459e-09
-70351.75879396993 6.952319182096421e-09
-60301.507537688536 2.6641711674903843e-08
-50251.25628140714 9.714671956356868e-08
-40201.00502512575 3.4403365723618357e-07
-30150.753768844297 1.1475572341562531e-06
-20100.502512562845 3.653178374497696e-06
-10050.251256281452 9.607813218393883e-06
-5.820766091346741e-11 1.709593861776088e-05
10050.251256281335 2.0203359936464005e-05
20100.50251256273 1.7436894148946975e-05
30150.753768844123 1.2321818185212423e-05
40201.005025125516 7.772162134195853e-06
50251.25628140691 4.585611747549934e-06
60301.50753768836 2.5749320476071854e-06
70351.75879396976 1.316376526661997e-06
80402.01005025115 6.750118143288805e-07
90452.26130653254 3.320395798686012e-07
100502.51256281394 1.5703749969330588e-07
110552.76381909545 6.88067314472359e-08
120603.01507537684 3.624758779673214e-08
130653.26633165823 1.891986098028508e-08
140703.51758793963 8.226026513167616e-09
150753.76884422102 4.696795783324626e-09
160804.0201005024 2.1493811211825063e-09
170854.2713567838 1.6186697332361708e-09
180904.5226130652 9.287449289060212e-10
190954.7738693466 6.899248043301711e-10
201005.0251256281 4.511046797543427e-10
211055.2763819095 3.4496240216509356e-10
221105.5276381909 5.307113879462855e-11
231155.77889447229 5.307113879462978e-11
241206.03015075368 0.0
251256.28140703507 0.0
261306.53266331647 0.0
271356.78391959786 0.0
281407.03517587925 0.0
291457.28643216076 0.0
301507.53768844216 0.0
311557.78894472355 0.0
321608.04020100494 0.0
331658.29145728634 0.0
341708.54271356773 0.0
351758.7939698491 0.0
361809.0452261305 0.0
371859.2964824119 0.0
381909.5477386934 0.0
391959.7989949748 0.0
402010.0502512562 0.0
412060.3015075376 0.0
422110.552763819 0.0
432160.8040201004 0.0
442211.0552763818 0.0
452261.3065326632 0.0
462311.55778894457 0.0
472361.8090452261 0.0
482412.0603015075 0.0
492462.31155778887 0.0
502512.56281407026 0.0
512562.81407035165 0.0
522613.06532663305 0.0
532663.3165829144 0.0
542713.5678391958 0.0
552763.8190954772 0.0
562814.0703517587 0.0
572864.3216080401 0.0
582914.5728643215 0.0
592964.8241206029 0.0
603015.0753768843 0.0
613065.3266331657 0.0
623115.5778894471 0.0
633165.8291457285 0.0
643216.0804020099 0.0
653266.3316582914 0.0
663316.5829145728 0.0
673366.8341708542 0.0
683417.0854271356 0.0
693467.336683417 0.0
703517.5879396984 0.0
713567.8391959798 0.0
723618.0904522612 0.0
733668.3417085425 0.0
743718.592964824 0.0
753768.8442211054 0.0
763819.0954773868 0.0
773869.3467336682 0.0
783919.5979899496 0.0
793969.849246231 0.0
804020.1005025124 0.0
814070.3517587938 0.0
824120.6030150752 0.0
834170.8542713567 0.0
844221.1055276381 0.0
854271.3567839195 0.0
864321.6080402009 0.0
874371.8592964823 0.0
884422.1105527637 0.0
894472.3618090451 0.0
904522.6130653265 0.0
914572.8643216079 0.0
924623.1155778893 0.0
934673.3668341707 0.0
944723.6180904522 0.0
954773.8693467336 0.0
964824.120603015 0.0
974874.3718592963 0.0
984924.6231155777 0.0
994974.8743718592 0.0

-994974.8743718592 0.0
-984924.623115578 0.0
-974874.3718592965 0.0
-964824.1206030152 0.0
-954773.8693467337 0.0
-944723.6180904522 0.0
-934673.3668341709 0.0
-924623.1155778894 0.0
-914572.8643216081 0.0
-904522.6130653266 0.0
-894472.3618090453 0.0
-884422.1105527638 0.0
-874371.8592964825 0.0
-864321.608040201 0.0
-854271.3567839195 0.0
-844221.1055276382 0.0
-834170.8542713567 0.0
-824120.6030150754 0.0
-814070.3517587939 0.0
-804020.1005025127 0.0
-793969.8492462311 0.0
-783919.5979899499 0.0
-773869.3467336684 0.0
-763819.095477387 0.0
-753768.8442211056 0.0
-743718.592964824 0.0
-733668.3417085428 0.0
-723618.0904522613 0.0
-713567.83919598 0.0
-703517.5879396985 0.0
-693467.3366834171 0.0
-683417.0854271357 0.0
-673366.8341708543 0.0
-663316.5829145729 0.0
-653266.3316582914 0.0
-643216.0804020101 0.0
-633165.8291457286 0.0
-623115.5778894473 0.0
-613065.3266331658 0.0
-603015.0753768844 0.0
-592964.824120603 0.0
-582914.5728643216 0.0
-572864.3216080402 0.0
-562814.0703517587 0.0
-552763.8190954775 0.0
-542713.567839196 0.0
-532663.3165829147 0.0
-522613.0653266332 0.0
-512562.8140703518 0.0
-502512.5628140704 0.0
-492462.311557789 0.0
-482412.0603015076 0.0
-472361.8090452262 0.0
-462311.55778894474 0.0
-452261.30653266335 0.0
-442211.05527638196 0.0
-432160.80402010056 0.0
-422110.55276381917 0.0
-412060.3015075378 0.0
-402010.0502512563 0.0
-391959.7989949749 0.0
-381909.5477386935 0.0
-371859.2964824121 0.0
-361809.0452261307 0.0
-351758.7939698493 0.0
-341708.5427135679 0.0
-331658.2914572865 0.0
-321608.0402010051 0.0
-311557.78894472367 0.0
-301507.5376884422 0.0
-291457.2864321608 0.0
-281407.0351758794 0.0
-271356.78391959803 0.0
-261306.53266331664 0.0
-251256.28140703525 0.0
-241206.03015075385 0.0
-231155.77889447246 0.0
-221105.527638191 0.0
-211055.27638190956 0.0
-201005.02512562816 0.0
-190954.77386934677 0.0
-180904.52261306538 0.0
-170854.27135678398 0.0
-160804.0201005026 0.0
-150753.7688442212 0.0
-140703.5175879398 0.0
-130653.26633165835 0.0
-120603.0150753769 0.0
-110552.7638190955 1.8507300928713128e-10
-100502.51256281411 4.935280247656834e-10
-90452.26130653272 1.1104380557227876e-09
-80402.01005025132 3.3313141671683626e-09
-70351.75879396993 1.3942166699630555e-08
-60301.507537688536 5.7310941875914985e-08
-50251.25628140714 2.1412947174521086e-07
-40201.00502512575 6.653374683872369e-07
-30150.753768844297 1.837158072190235e-06
-20100.502512562845 4.462418708928213e-06
-10050.251256281452 9.241805791762186e-06
-5.820766091346741e-11 1.5152914326386967e-05
10050.251256281335 1.9015202957200108e-05
20100.50251256273 1.7910625546771415e-05
30150.753768844123 1.3259987587398189e-05
40201.005025125516 8.354627476242775e-06
50251.25628140691 4.659953300840678e-06
60301.50753768836 2.459188456404276e-06
70351.75879396976 1.196373623035126e-06
80402.01005025115 5.487414725363378e-07
90452.26130653254 2.4219887815376194e-07
100502.51256281394 1.143751197394458e-07
110552.76381909545 4.89826564579935e-08
120603.01507537684 2.1406778074211762e-08
130653.26633165823 1.0672543535557779e-08
140703.51758793963 6.2307913126668245e-09
150753.76884422102 1.048747052627065e-09
160804.0201005024 2.467640123828445e-10
170854.2713567838 0.0
180904.5226130652 0.0
190954.7738693466 0.0
201005.0251256281 0.0
211055.2763819095 0.0
221105.5276381909 0.0
231155.77889447229 0.0
241206.03015075368 0.0
251256.28140703507 0.0
261306.53266331647 0.0
271356.78391959786 0.0
281407.03517587925 0.0
291457.28643216076 0.0
301507.53768844216 0.0
311557.78894472355 0.0
321608.04020100494 0.0
331658.29145728634 0.0
341708.54271356773 0.0
351758.7939698491 0.0
361809.0452261305 0.0
371859.2964824119 0.0
381909.5477386934 0.0
391959.7989949748 0.0
402010.0502512562 0.0
412060.3015075376 0.0
422110.552763819 0.0
432160.8040201004 0.0
442211.0552763818 0.0
452261.3065326632 0.0
462311.55778894457 0.0
472361.8090452261 0.0
482412.0603015075 0.0
492462.31155778887 0.0
502512.56281407026 0.0
512562.81407035165 0.0
522613.06532663305 0.0
532663.3165829144 0.0
542713.5678391958 0.0
552763.8190954772 0.0
562814.0703517587 0.0
572864.3216080401 0.0
582914.5728643215 0.0
592964.8241206029 0.0
603015.0753768843 0.0
613065.3266331657 0.0
623115.5778894471 0.0
633165.8291457285 0.0
643216.0804020099 0.0
653266.3316582914 0.0
663316.5829145728 0.0
673366.8341708542 0.0
683417.0854271356 0.0
693467.336683417 0.0
703517.5879396984 0.0
713567.8391959798 0.0
723618.0904522612 0.0
733668.3417085425 0.0
743718.592964824 0.0
753768.8442211054 0.0
763819.0954773868 0.0
773869.3467336682 0.0
783919.5979899496 0.0
793969.849246231 0.0
804020.1005025124 0.0
814070.3517587938 0.0
824120.6030150752 0.0
834170.8542713567 0.0
844221.1055276381 0.0
854271.3567839195 0.0
864321.6080402009 0.0
874371.8592964823 0.0
884422.1105527637 0.0
894472.3618090451 0.0
904522.6130653265 0.0
914572.8643216079 0.0
924623.1155778893 0.0
934673.3668341707 0.0
944723.6180904522 0.0
954773.8693467336 0.0
964824.120603015 0.0
974874.3718592963 0.0
984924.6231155777 0.0
994974.8743718592 0.0

-994974.8743718592 0.0
-984924.623115578 0.0
-974874.3718592965 0.0
-964824.1206030152 0.0
-954773.8693467337 0.0
-944723.6180904522 0.0
-934673.3668341709 0.0
-924623.1155778894 0.0
-914572.8643216081 0.0
-904522.6130653266 0.0
-894472.3618090453 0.0
-884422.1105527638 0.0
-874371.8592964825 0.0
-864321.608040201 0.0
-854271.3567839195 0.0
-844221.1055276382 0.0
-834170.8542713567 0.0
-824120.6030150754 0.0
-814070.3517587939 0.0
-804020.1005025127 0.0
-793969.8492462311 0.0
-783919.5979899499 0.0
-773869.3467336684 0.0
-763819.095477387 0.0
-753768.8442211056 0.0
-743718.592964824 0.0
-733668.3417085428 0.0
-723618.0904522613 0.0
-713567.83919598 0.0
-703517.5879396985 0.0
-693467.3366834171 0.0
-683417.0854271357 0.0
-673366.8341708543 0.0
-663316.5829145729 0.0
-653266.3316582914 0.0
-643216.0804020101 0.0
-633165.8291457286 0.0
-623115.5778894473 0.0
-613065.3266331658 0.0
-603015.0753768844 0.0
-592964.824120603 0.0
-582914.5728643216 0.0
-572864.3216080402 0.0
-562814.0703517587 0.0
-552763.8190954775 0.0
-542713.567839196 0.0
-532663.3165829147 0.0
-522613.0653266332 0.0
-512562.8140703518 0.0
-502512.5628140704 0.0
-492462.311557789 0.0
-482412.0603015076 0.0
-472361.8090452262 0.0
-462311.55778894474 0.0
-452261.30653266335 0.0
-442211.05527638196 0.0
-432160.80402010056 0.0
-422110.55276381917 0.0
-412060.3015075378 0.0
-402010.0502512563 0.0
-391959.7989949749 0.0
-381909.5477386935 0.0
-371859.2964824121 0.0
-361809.0452261307 0.0
-351758.7939698493 0.0
-341708.5427135679 0.0
-331658.2914572865 0.0
-321608.0402010051 0.0
-311557.78894472367 0.0
-301507.5376884422 0.0
-291457.2864321608 0.0
-281407.0351758794 0.0
-271356.78391959803 0.0
-261306.53266331664 0.0
-251256.28140703525 0.0
-241206.03015075385 0.0
-231155.77889447246 0.0
-221105.527638191 0.0
-211055.27638190956 0.0
-201005.02512562816 0.0
-190954.77386934677 0.0
-180904.52261306538 0.0
-170854.27135678398 0.0
-160804.0201005026 0.0
-150753.7688442212 0.0
-140703.5175879398 0.0
-130653.26633165835 0.0
-120603.0150753769 0.0
-110552.7638190955 0.0
-100502.51256281411 0.0
-90452.26130653272 4.05221038913438e-10
-80402.01005025132 2.1274104542955497e-09
-70351.75879396993 9.218778635280714e-09
-60301.507537688536 2.836547272394066e-08
-50251.25628140714 1.173114907654403e-07
-40201.00502512575 4.121097965749664e-07
-30150.753768844297 1.352526522633312e-06
-20100.502512562845 3.898530310126459e-06
-10050.251256281452 8.81457064896456e-06
-5.820766091346741e-11 1.5344606385794886e-05
10050.251256281335 2.0349390132155027e-05
20100.50251256273 1.9627083630291826e-05
30150.753768844123 1.409318251237046e-05
40201.005025125516 8.080107515933953e-06
50251.25628140691 4.1430812071107185e-06
60301.50753768836 1.9099080616587397e-06
70351.75879396976 7.957528151662731e-07
80402.01005025115 3.1576849457329293e-07
90452.26130653254 1.1761540654462674e-07
100502.51256281394 4.852521940988364e-08
110552.76381909545 2.0261051945671666e-08
120603.01507537684 8.813557596367378e-09
130653.26633165823 4.052210389134333e-09
140703.51758793963 3.748294609949345e-09
150753.76884422102 1.7221894153820917e-09
160804.0201005024 9.11747337555246e-10
170854.2713567838 2.0261051945671664e-10
180904.5226130652 1.0130525972836067e-10
190954.7738693466 0.0
201005.0251256281 0.0
211055.2763819095 0.0
221105.5276381909 0.0
231155.77889447229 0.0
241206.03015075368 0.0
251256.28140703507 0.0
261306.53266331647 0.0
271356.78391959786 0.0
281407.03517587925 0.0
291457.28643216076 0.0
301507.53768844216 0.0
311557.78894472355 0.0
321608.04020100494 0.0
331658.29145728634 0.0
341708.54271356773 0.0
351758.7939698491 0.0
361809.0452261305 0.0
371859.2964824119 0.0
381909.5477386934 0.0
391959.7989949748 0.0
402010.0502512562 0.0
412060.3015075376 0.0
422110.552763819 0.0
432160.8040201004 0.0
442211.0552763818 0.0
452261.3065326632 0.0
462311.55778894457 0.0
472361.8090452261 0.0
482412.0603015075 0.0
492462.31155778887 0.0
502512.56281407026 0.0
512562.81407035165 0.0
522613.06532663305 0.0
532663.3165829144 0.0
542713.5678391958 0.0
552763.8190954772 0.0
562814.0703517587 0.0
572864.3216080401 0.0
582914.5728643215 0.0
592964.8241206029 0.0
603015.0753768843 0.0
613065.3266331657 0.0
623115.5778894471 0.0
633165.8291457285 0.0
643216.0804020099 0.0
653266.3316582914 0.0
663316.5829145728 0.0
673366.8341708542 0.0
683417.0854271356 0.0
693467.336683417 0.0
703517.5879396984 0.0
713567.8391959798 0.0
723618.0904522612 0.0
733668.3417085425 0.0
743718.592964824 0.0
753768.8442211054 0.0
763819.0954773868 0.0
773869.3467336682 0.0
783919.5979899496 0.0
793969.849246231 0.0
804020.1005025124 0.0
814070.3517587938 0.0
824120.6030150752 0.0
834170.8542713567 0.0
844221.1055276381 0.0
854271.3567839195 0.0
864321.6080402009 0.0
874371.8592964823 0.0
884422.1105527637 0.0
894472.3618090451 0.0
904522.6130653265 0.0
914572.8643216079 0.0
924623.1155778893 0.0
934673.3668341707 0.0
944723.6180904522 0.0
954773.8693467336 0.0
964824.120603015 0.0
974874.3718592963 0.0
984924.6231155777 0.0
994974.8743718592 0.0

-994974.8743718592 0.0
-984924.623115578 0.0
-974874.3718592965 0.0
-964824.1206030152 0.0
-954773.8693467337 0.0
-944723.6180904522 0.0
-934673.3668341709 0.0
-924623.1155778894 0.0
-914572.8643216081 0.0
-904522.6130653266 0.0
-894472.3618090453 0.0
-884422.1105527638 0.0
-874371.8592964825 0.0
-864321.608040201 0.0
-854271.3567839195 0.0
-844221.1055276382 0.0
-834170.8542713567 0.0
-824120.6030150754 0.0
-814070.3517587939 0.0
-804020.1005025127 0.0
-793969.8492462311 0.0
-783919.5979899499 0.0
-773869.3467336684 0.0
-763819.095477387 0.0
-753768.8442211056 0.0
-743718.592964824 0.0
-733668.3417085428 0.0
-723618.0904522613 0.0
-713567.83919598 0.0
-703517.5879396985 0.0
-693467.3366834171 0.0
-683417.0854271357 0.0
-673366.8341708543 0.0
-663316.5829145729 0.0
-653266.3316582914 0.0
-643216.0804020101 0.0
-633165.8291457286 0.0
-623115.5778894473 0.0
-613065.3266331658 0.0
-603015.0753768844 0.0
-592964.824120603 0.0
-582914.5728643216 0.0
-572864.3216080402 0.0
-562814.0703517587 0.0
-552763.8190954775 0.0
-542713.567839196 0.0
-532663.3165829147 0.0
-522613.0653266332 0.0
-512562.8140703518 0.0
-502512.5628140704 0.0
-492462.311557789 0.0
-482412.0603015076 0.0
-472361.8090452262 0.0
-462311.55778894474 0.0
-452261.30653266335 0.0
-442211.05527638196 0.0
-432160.80402010056 0.0
-422110.55276381917 0.0
-412060.3015075378 0.0
-402010.0502512563 0.0
-391959.7989949749 0.0
-381909.5477386935 0.0
-371859.2964824121 0.0
-361809.0452261307 0.0
-351758.7939698493 0.0
-341708.5427135679 0.0
-331658.2914572865 0.0
-321608.0402010051 0.0
-311557.78894472367 0.0
-301507.5376884422 0.0
-291457.2864321608 0.0
-281407.0351758794 0.0
-271356.78391959803 0.0
-261306.53266331664 0.0
-251256.28140703525 0.0
-241206.03015075385 0.0
-231155.77889447246 0.0
-221105.527638191 0.0
-211055.27638190956 0.0
-201005.02512562816 0.0
-190954.77386934677 0.0
-180904.52261306538 0.0
-170854.27135678398 0.0
-160804.0201005026 0.0
-150753.7688442212 0.0
-140703.5175879398 0.0
-130653.26633165835 0.0
-120603.0150753769 0.0
-110552.7638190955 0.0
-100502.51256281411 0.0
-90452.26130653272 1.0039279310911953e-10
-80402.01005025132 1.1043207242003149e-09
-70351.75879396993 4.4172828968012594e-09
-60301.507537688536 1.7568738794095915e-08
-50251.25628140714 7.238320383167518e-08
-40201.00502512575 2.936489198441746e-07
-30150.753768844297 1.140662915305803e-06
-20100.502512562845 3.658413773689425e-06
-10050.251256281452 9.049406370856035e-06
-5.820766091346741e-11 1.6760978380739942e-05
10050.251256281335 2.1960019957481915e-05
20100.50251256273 1.992335136367721e-05
30150.753768844123 1.3638963300632544e-05
40201.005025125516 7.278778678790493e-06
50251.25628140691 3.4009062593645336e-06
60301.50753768836 1.412928170217732e-06
70351.75879396976 5.724397063082062e-07
80402.01005025115 1.9827576639050878e-07
90452.26130653254 6.465295876227373e-08
100502.51256281394 2.630291179458901e-08
110552.76381909545 1.1545171207548614e-08
120603.01507537684 7.931030655620536e-09
130653.26633165823 3.814926138146498e-09
140703.51758793963 1.305106310418569e-09
150753.76884422102 0.0
160804.0201005024 1.0039279310912069e-10
170854.2713567838 0.0
180904.5226130652 0.0
190954.7738693466 0.0
201005.0251256281 0.0
211055.2763819095 0.0
221105.5276381909 0.0
231155.77889447229 0.0
241206.03015075368 0.0
251256.28140703507 0.0
261306.53266331647 0.0
271356.78391959786 0.0
281407.03517587925 0.0
291457.28643216076 0.0
301507.53768844216 0.0
311557.78894472355 0.0
321608.04020100494 0.0
331658.29145728634 0.0
341708.54271356773 0.0
351758.7939698491 0.0
361809.0452261305 0.0
371859.2964824119 0.0
381909.5477386934 0.0
391959.7989949748 0.0
402010.0502512562 0.0
412060.3015075376 0.0
422110.552763819 0.0
432160.8040201004 0.0
442211.0552763818 0.0
452261.3065326632 0.0
462311.55778894457 0.0
472361.8090452261 0.0
482412.0603015075 0.0
492462.31155778887 0.0
502512.56281407026 0.0
512562.81407035165 0.0
522613.06532663305 0.0
532663.3165829144 0.0
542713.5678391958 0.0
552763.8190954772 0.0
562814.0703517587 0.0
572864.3216080401 0.0
582914.5728643215 0.0
592964.8241206029 0.0
603015.0753768843 0.0
613065.3266331657 0.0
623115.5778894471 0.0
633165.8291457285 0.0
643216.0804020099 0.0
653266.3316582914 0.0
663316.5829145728 0.0
673366.8341708542 0.0
683417.0854271356 0.0
693467.336683417 0.0
703517.5879396984 0.0
713567.8391959798 0.0
723618.0904522612 0.0
733668.3417085425 0.0
743718.592964824 0.0
753768.8442211054 0.0
763819.0954773868 0.0
773869.3467336682 0.0
783919.5979899496 0.0
793969.849246231 0.0
804020.1005025124 0.0
814070.3517587938 0.0
824120.6030150752 0.0
834170.8542713567 0.0
844221.1055276381 0.0
854271.3567839195 0.0
864321.6080402009 0.0
874371.8592964823 0.0
884422.1105527637 0.0
894472.3618090451 0.0
904522.6130653265 0.0
914572.8643216079 0.0
924623.1155778893 0.0
934673.3668341707 0.0
944723.6180904522 0.0
954773.8693467336 0.0
964824.120603015 0.0
974874.3718592963 0.0
984924.6231155777 0.0
994974.8743718592 0.0

-994974.8743718592 0.0
-984924.623115578 0.0
-974874.3718592965 0.0
-964824.1206030152 0.0
-954773.8693467337 0.0
-944723.6180904522 0.0
-934673.3668341709 0.0
-924623.1155778894 0.0
-914572.8643216081 0.0
-904522.6130653266 0.0
-894472.3618090453 0.0
-884422.1105527638 0.0
-874371.8592964825 0.0
-864321.608040201 0.0
-854271.3567839195 0.0
-844221.1055276382 0.0
-834170.8542713567 0.0
-824120.6030150754 0.0
-814070.3517587939 0.0
-804020.1005025127 0.0
-793969.8492462311 0.0
-783919.5979899499 0.0
-773869.3467336684 0.0
-763819.095477387 0.0
-753768.8442211056 0.0
-743718.592964824 0.0
-733668.3417085428 0.0
-723618.0904522613 0.0
-713567.83919598 0.0
-703517.5879396985 0.0
-693467.3366834171 0.0
-683417.0854271357 0.0
-673366.8341708543 0.0
-663316.5829145729 0.0
-653266.3316582914 0.0
-643216.0804020101 0.0
-633165.8291457286 0.0
-623115.5778894473 0.0
-613065.3266331658 0.0
-603015.0753768844 0.0
-592964.824120603 0.0
-582914.5728643216 0.0
-572864.3216080402 0.0
-562814.0703517587 0.0
-552763.8190954775 0.0
-542713.567839196 0.0
-532663.3165829147 0.0
-522613.0653266332 0.0
-512562.8140703518 0.0
-502512.5628140704 0.0
-492462.311557789 0.0
-482412.0603015076 0.0
-472361.8090452262 0.0
-462311.55778894474 0.0
-452261.30653266335 0.0
-442211.05527638196 0.0
-432160.80402010056 0.0
-422110.55276381917 0.0
-412060.3015075378 0.0
-402010.0502512563 0.0
-391959.7989949749 0.0
-381909.5477386935 0.0
-371859.2964824121 0.0
-361809.0452261307 0.0
-351758.7939698493 0.0
-341708.5427135679 0.0
-331658.2914572865 0.0
-321608.0402010051 0.0
-311557.78894472367 0.0
-301507.5376884422 0.0
-291457.2864321608 0.0
-281407.0351758794 0.0
-271356.78391959803 0.0
-261306.53266331664 0.0
-251256.28140703525 0.0
-241206.03015075385 0.0
-231155.77889447246 0.0
-221105.527638191 0.0
-211055.27638190956 0.0
-201005.02512562816 0.0
-190954.77386934677 0.0
-180904.52261306538 0.0
-170854.27135678398 0.0
-160804.0201005026 0.0
-150753.7688442212 0.0
-140703.5175879398 0.0
-130653.26633165835 0.0
-120603.0150753769 0.0
-110552.7638190955 0.0
-100502.51256281411 0.0
-90452.26130653272 0.0
-80402.01005025132 2.0784956955294197e-11
-70351.75879396993 2.7020444041882454e-10
-60301.507537688536 2.5149797915905976e-09
-50251.25628140714 2.0826526869204785e-08
-40201.00502512575 1.5127291672063117e-07
-30150.753768844297 8.850650370703272e-07
-20100.502512562845 3.922266872162701e-06
-10050.251256281452 1.2269173026097567e-05
-5.820766091346741e-11 2.3283308781320558e-05
10050.251256281335 2.5540326472139002e-05
20100.50251256273 1.78724648619336e-05
30150.753768844123 9.348470874739625e-06
40201.005025125516 3.914825857572706e-06
50251.25628140691 1.5046022490367915e-06
60301.50753768836 5.252150773033229e-07
70351.75879396976 1.8319861060396518e-07
80402.01005025115 5.426952261027252e-08
90452.26130653254 1.6524040779459077e-08
100502.51256281394 4.0530666062823215e-09
110552.76381909545 7.690434073458763e-10
120603.01507537684 3.533442682400054e-10
130653.26633165823 1.2470974173176375e-10
140703.51758793963 8.313982782117774e-11
150753.76884422102 0.0
160804.0201005024 0.0
170854.2713567838 0.0
180904.5226130652 0.0
190954.7738693466 0.0
201005.0251256281 0.0
211055.2763819095 0.0
221105.5276381909 0.0
231155.77889447229 0.0
241206.03015075368 0.0
251256.28140703507 0.0
261306.53266331647 0.0
271356.78391959786 0.0
281407.03517587925 0.0
291457.28643216076 0.0
301507.53768844216 0.0
311557.78894472355 0.0
321608.04020100494 0.0
331658.29145728634 0.0
341708.54271356773 0.0
351758.7939698491 0.0
361809.0452261305 0.0
371859.2964824119 0.0
381909.5477386934 0.0
391959.7989949748 0.0
402010.0502512562 0.0
412060.3015075376 0.0
422110.552763819 0.0
432160.8040201004 0.0
442211.0552763818 0.0
452261.3065326632 0.0
462311.55778894457 0.0
472361.8090452261 0.0
482412.0603015075 0.0
492462.31155778887 0.0
502512.56281407026 0.0
512562.81407035165 0.0
522613.06532663305 0.0
532663.3165829144 0.0
542713.5678391958 0.0
552763.8190954772 0.0
562814.0703517587 0.0
572864.3216080401 0.0
582914.5728643215 0.0
592964.8241206029 0.0
603015.0753768843 0.0
613065.3266331657 0.0
623115.5778894471 0.0
633165.8291457285 0.0
643216.0804020099 0.0
653266.3316582914 0.0
663316.5829145728 0.0
673366.8341708542 0.0
683417.0854271356 0.0
693467.336683417 0.0
703517.5879396984 0.0
713567.8391959798 0.0
723618.0904522612 0.0
733668.3417085425 0.0
743718.592964824 0.0
753768.8442211054 0.0
763819.0954773868 0.0
773869.3467336682 0.0
783919.5979899496 0.0
793969.849246231 0.0
804020.1005025124 0.0
814070.3517587938 0.0
824120.6030150752 0.0
834170.8542713567 0.0
844221.1055276381 0.0
854271.3567839195 0.0
864321.6080402009 0.0
874371.8592964823 0.0
884422.1105527637 0.0
894472.3618090451 0.0
904522.6130653265 0.0
914572.8643216079 0.0
924623.1155778893 0.0
934673.3668341707 0.0
944723.6180904522 0.0
954773.8693467336 0.0
964824.120603015 0.0
974874.3718592963 0.0
984924.6231155777 0.0
994974.8743718592 0.0

