lambda_bin lambda_pdf
-994974.8743718592 0.0
-984924.623115578 0.0
-974874.3718592965 0.0
-964824.1206030152 0.0
-954773.8693467337 0.0
-944723.6180904522 0.0
-934673.3668341709 0.0
-924623.1155778894 0.0
-914572.8643216081 0.0
-904522.6130653266 0.0
-894472.3618090453 0.0
-884422.1105527638 0.0
-874371.8592964825 0.0
-864321.608040201 0.0
-854271.3567839195 0.0
-844221.1055276382 0.0
-834170.8542713567 0.0
-824120.6030150754 0.0
-814070.3517587939 0.0
-804020.1005025127 0.0
-793969.8492462311 0.0
-783919.5979899499 0.0
-773869.3467336684 0.0
-763819.095477387 0.0
-753768.8442211056 0.0
-743718.592964824 0.0
-733668.3417085428 0.0
-723618.0904522613 0.0
-713567.83919598 0.0
-703517.5879396985 0.0
-693467.3366834171 0.0
-683417.0854271357 0.0
-673366.8341708543 0.0
-663316.5829145729 0.0
-653266.3316582914 0.0
-643216.0804020101 0.0
-633165.8291457286 0.0
-623115.5778894473 0.0
-613065.3266331658 0.0
-603015.0753768844 0.0
-592964.824120603 0.0
-582914.5728643216 0.0
-572864.3216080402 0.0
-562814.0703517587 0.0
-552763.8190954775 0.0
-542713.567839196 0.0
-532663.3165829147 0.0
-522613.0653266332 0.0
-512562.8140703518 0.0
-502512.5628140704 0.0
-492462.311557789 0.0
-482412.0603015076 0.0
-472361.8090452262 0.0
-462311.55778894474 0.0
-452261.30653266335 0.0
-442211.05527638196 0.0
-432160.80402010056 0.0
-422110.55276381917 0.0
-412060.3015075378 0.0
-402010.0502512563 0.0
-391959.7989949749 0.0
-381909.5477386935 0.0
-371859.2964824121 0.0
-361809.0452261307 0.0
-351758.7939698493 0.0
-341708.5427135679 0.0
-331658.2914572865 0.0
-321608.0402010051 0.0
-311557.78894472367 0.0
-301507.5376884422 0.0
-291457.2864321608 0.0
-281407.0351758794 0.0
-271356.78391959803 0.0
-261306.53266331664 0.0
-251256.28140703525 0.0
-241206.03015075385 0.0
-231155.77889447246 0.0
-221105.527638191 0.0
-211055.27638190956 0.0
-201005.02512562816 0.0
-190954.77386934677 0.0
-180904.52261306538 0.0
-170854.27135678398 0.0
-160804.0201005026 0.0
-150753.7688442212 0.0
-140703.5175879398 0.0
-130653.26633165835 0.0
-120603.0150753769 2.5212647779057166e-11
-110552.7638190955 2.269138300115145e-10
-100502.51256281411 4.53827660023029e-10
-90452.26130653272 1.6388221056387159e-09
-80402.01005025132 4.311362770218775e-09
-70351.75879396993 1.4144295404051071e-08
-60301.507537688536 4.586180631010499e-08
-50251.25628140714 1.4005625841266257e-07
-40201.00502512575 4.03982255363833e-07
-30150.753768844297 1.1823471175988722e-06
-20100.502512562845 3.5245768836255175e-06
-10050.251256281452 9.356136251682545e-06
-5.820766091346741e-11 1.7324517944310226e-05
10050.251256281335 2.0105573844931346e-05
20100.50251256273 1.6768856399907586e-05
30150.753768844123 1.2040073033058738e-05
40201.005025125516 7.845369184113661e-06
50251.25628140691 4.7329938790279485e-06
60301.50753768836 2.751279763594023e-06
70351.75879396976 1.5378958765791679e-06
80402.01005025115 8.269748471530655e-07
90452.26130653254 4.4071708317792435e-07
100502.51256281394 2.1294602314191437e-07
110552.76381909545 1.1179288025233818e-07
120603.01507537684 6.225002736649286e-08
130653.26633165823 3.476824128731943e-08
140703.51758793963 1.7068962546421897e-08
150753.76884422102 7.412518447042721e-09
160804.0201005024 3.2776442112774694e-09
170854.2713567838 1.6892474011968107e-09
180904.5226130652 6.555288422554939e-10
190954.7738693466 1.2606323889528438e-10
201005.0251256281 0.0
211055.2763819095 0.0
221105.5276381909 0.0
231155.77889447229 0.0
241206.03015075368 0.0
251256.28140703507 0.0
261306.53266331647 0.0
271356.78391959786 0.0
281407.03517587925 0.0
291457.28643216076 0.0
301507.53768844216 0.0
311557.78894472355 0.0
321608.04020100494 0.0
331658.29145728634 0.0
341708.54271356773 0.0
351758.7939698491 0.0
361809.0452261305 0.0
371859.2964824119 0.0
381909.5477386934 0.0
391959.7989949748 0.0
402010.0502512562 0.0
412060.3015075376 0.0
422110.552763819 0.0
432160.8040201004 0.0
442211.0552763818 0.0
452261.3065326632 0.0
462311.55778894457 0.0
472361.8090452261 0.0
482412.0603015075 0.0
492462.31155778887 0.0
502512.56281407026 0.0
512562.81407035165 0.0
522613.06532663305 0.0
532663.3165829144 0.0
542713.5678391958 0.0
552763.8190954772 0.0
562814.0703517587 0.0
572864.3216080401 0.0
582914.5728643215 0.0
592964.8241206029 0.0
603015.0753768843 0.0
613065.3266331657 0.0
623115.5778894471 0.0
633165.8291457285 0.0
643216.0804020099 0.0
653266.3316582914 0.0
663316.5829145728 0.0
673366.8341708542 0.0
683417.0854271356 0.0
693467.336683417 0.0
703517.5879396984 0.0
713567.8391959798 0.0
723618.0904522612 0.0
733668.3417085425 0.0
743718.592964824 0.0
753768.8442211054 0.0
763819.0954773868 0.0
773869.3467336682 0.0
783919.5979899496 0.0
793969.849246231 0.0
804020.1005025124 0.0
814070.3517587938 0.0
824120.6030150752 0.0
834170.8542713567 0.0
844221.1055276381 0.0
854271.3567839195 0.0
864321.6080402009 0.0
874371.8592964823 0.0
884422.1105527637 0.0
894472.3618090451 0.0
904522.6130653265 0.0
914572.8643216079 0.0
924623.1155778893 0.0
934673.3668341707 0.0
944723.6180904522 0.0
954773.8693467336 0.0
964824.120603015 0.0
974874.3718592963 0.0
984924.6231155777 0.0
994974.8743718592 0.0

-994974.8743718592 0.0
-984924.623115578 0.0
-974874.3718592965 0.0
-964824.1206030152 0.0
-954773.8693467337 0.0
-944723.6180904522 0.0
-934673.3668341709 0.0
-924623.1155778894 0.0
-914572.8643216081 0.0
-904522.6130653266 0.0
-894472.3618090453 0.0
-884422.1105527638 0.0
-874371.8592964825 0.0
-864321.608040201 0.0
-854271.3567839195 0.0
-844221.1055276382 0.0
-834170.8542713567 0.0
-824120.6030150754 0.0
-814070.3517587939 0.0
-804020.1005025127 0.0
-793969.8492462311 0.0
-783919.5979899499 0.0
-773869.3467336684 0.0
-763819.095477387 0.0
-753768.8442211056 0.0
-743718.592964824 0.0
-733668.3417085428 0.0
-723618.0904522613 0.0
-713567.83919598 0.0
-703517.5879396985 0.0
-693467.3366834171 0.0
-683417.0854271357 0.0
-673366.8341708543 0.0
-663316.5829145729 0.0
-653266.3316582914 0.0
-643216.0804020101 0.0
-633165.8291457286 0.0
-623115.5778894473 0.0
-613065.3266331658 0.0
-603015.0753768844 0.0
-592964.824120603 0.0
-582914.5728643216 0.0
-572864.3216080402 0.0
-562814.0703517587 0.0
-552763.8190954775 0.0
-542713.567839196 0.0
-532663.3165829147 0.0
-522613.0653266332 0.0
-512562.8140703518 0.0
-502512.5628140704 0.0
-492462.311557789 0.0
-482412.0603015076 0.0
-472361.8090452262 0.0
-462311.55778894474 0.0
-452261.30653266335 0.0
-442211.05527638196 0.0
-432160.80402010056 0.0
-422110.55276381917 0.0
-412060.3015075378 0.0
-402010.0502512563 0.0
-391959.7989949749 0.0
-381909.5477386935 0.0
-371859.2964824121 0.0
-361809.0452261307 0.0
-351758.7939698493 0.0
-341708.5427135679 0.0
-331658.2914572865 0.0
-321608.0402010051 0.0
-311557.78894472367 0.0
-301507.5376884422 0.0
-291457.2864321608 0.0
-281407.0351758794 0.0
-271356.78391959803 0.0
-261306.53266331664 0.0
-251256.28140703525 0.0
-241206.03015075385 0.0
-231155.77889447246 0.0
-221105.527638191 0.0
-211055.27638190956 0.0
-201005.02512562816 0.0
-190954.77386934677 0.0
-180904.52261306538 0.0
-170854.27135678398 0.0
-160804.0201005026 0.0
-150753.7688442212 0.0
-140703.5175879398 0.0
-130653.26633165835 0.0
-120603.0150753769 0.0
-110552.7638190955 5.1790304959012856e-11
-100502.51256281411 3.6253213471309e-10
-90452.26130653272 1.501918843811373e-09
-80402.01005025132 6.421997814917595e-09
-70351.75879396993 1.957673527450686e-08
-60301.507537688536 7.297253968724912e-08
-50251.25628140714 2.3554230695359046e-07
-40201.00502512575 7.114434192219596e-07
-30150.753768844297 1.9290334888083295e-06
-20100.502512562845 4.650924756234232e-06
-10050.251256281452 9.482545886470458e-06
-5.820766091346741e-11 1.5150684022404662e-05
10050.251256281335 1.8769428000805766e-05
20100.50251256273 1.778561936780436e-05
30150.753768844123 1.313257120906681e-05
40201.005025125516 8.216117559307718e-06
50251.25628140691 4.565574333661779e-06
60301.50753768836 2.4301046892867734e-06
70351.75879396976 1.1982204955317355e-06
80402.01005025115 5.983333931914686e-07
90452.26130653254 2.8065166257289397e-07
100502.51256281394 1.39419500949661e-07
110552.76381909545 6.784529949630605e-08
120603.01507537684 3.009016718118682e-08
130653.26633165823 1.5433510877785653e-08
140703.51758793963 5.075449885983319e-09
150753.76884422102 2.434144333073576e-09
160804.0201005024 1.0875964041392827e-09
170854.2713567838 6.214836595081471e-10
180904.5226130652 3.1074182975408074e-10
190954.7738693466 0.0
201005.0251256281 0.0
211055.2763819095 0.0
221105.5276381909 0.0
231155.77889447229 0.0
241206.03015075368 0.0
251256.28140703507 0.0
261306.53266331647 0.0
271356.78391959786 0.0
281407.03517587925 0.0
291457.28643216076 0.0
301507.53768844216 0.0
311557.78894472355 0.0
321608.04020100494 0.0
331658.29145728634 0.0
341708.54271356773 0.0
351758.7939698491 0.0
361809.0452261305 0.0
371859.2964824119 0.0
381909.5477386934 0.0
391959.7989949748 0.0
402010.0502512562 0.0
412060.3015075376 0.0
422110.552763819 0.0
432160.8040201004 0.0
442211.0552763818 0.0
452261.3065326632 0.0
462311.55778894457 0.0
472361.8090452261 0.0
482412.0603015075 0.0
492462.31155778887 0.0
502512.56281407026 0.0
512562.81407035165 0.0
522613.06532663305 0.0
532663.3165829144 0.0
542713.5678391958 0.0
552763.8190954772 0.0
562814.0703517587 0.0
572864.3216080401 0.0
582914.5728643215 0.0
592964.8241206029 0.0
603015.0753768843 0.0
613065.3266331657 0.0
623115.5778894471 0.0
633165.8291457285 0.0
643216.0804020099 0.0
653266.3316582914 0.0
663316.5829145728 0.0
673366.8341708542 0.0
683417.0854271356 0.0
693467.336683417 0.0
703517.5879396984 0.0
713567.8391959798 0.0
723618.0904522612 0.0
733668.3417085425 0.0
743718.592964824 0.0
753768.8442211054 0.0
763819.0954773868 0.0
773869.3467336682 0.0
783919.5979899496 0.0
793969.849246231 0.0
804020.1005025124 0.0
814070.3517587938 0.0
824120.6030150752 0.0
834170.8542713567 0.0
844221.1055276381 0.0
854271.3567839195 0.0
864321.6080402009 0.0
874371.8592964823 0.0
884422.1105527637 0.0
894472.3618090451 0.0
904522.6130653265 0.0
914572.8643216079 0.0
924623.1155778893 0.0
934673.3668341707 0.0
944723.6180904522 0.0
954773.8693467336 0.0
964824.120603015 0.0
974874.3718592963 0.0
984924.6231155777 0.0
994974.8743718592 0.0

-994974.8743718592 0.0
-984924.623115578 0.0
-974874.3718592965 0.0
-964824.1206030152 0.0
-954773.8693467337 0.0
-944723.6180904522 0.0
-934673.3668341709 0.0
-924623.1155778894 0.0
-914572.8643216081 0.0
-904522.6130653266 0.0
-894472.3618090453 0.0
-884422.1105527638 0.0
-874371.8592964825 0.0
-864321.608040201 0.0
-854271.3567839195 0.0
-844221.1055276382 0.0
-834170.8542713567 0.0
-824120.6030150754 0.0
-814070.3517587939 0.0
-804020.1005025127 0.0
-793969.8492462311 0.0
-783919.5979899499 0.0
-773869.3467336684 0.0
-763819.095477387 0.0
-753768.8442211056 0.0
-743718.592964824 0.0
-733668.3417085428 0.0
-723618.0904522613 0.0
-713567.83919598 0.0
-703517.5879396985 0.0
-693467.3366834171 0.0
-683417.0854271357 0.0
-673366.8341708543 0.0
-663316.5829145729 0.0
-653266.3316582914 0.0
-643216.0804020101 0.0
-633165.8291457286 0.0
-623115.5778894473 0.0
-613065.3266331658 0.0
-603015.0753768844 0.0
-592964.824120603 0.0
-582914.5728643216 0.0
-572864.3216080402 0.0
-562814.0703517587 0.0
-552763.8190954775 0.0
-542713.567839196 0.0
-532663.3165829147 0.0
-522613.0653266332 0.0
-512562.8140703518 0.0
-502512.5628140704 0.0
-492462.311557789 0.0
-482412.0603015076 0.0
-472361.8090452262 0.0
-462311.55778894474 0.0
-452261.30653266335 0.0
-442211.05527638196 0.0
-432160.80402010056 0.0
-422110.55276381917 0.0
-412060.3015075378 0.0
-402010.0502512563 0.0
-391959.7989949749 0.0
-381909.5477386935 0.0
-371859.2964824121 0.0
-361809.0452261307 0.0
-351758.7939698493 0.0
-341708.5427135679 0.0
-331658.2914572865 0.0
-321608.0402010051 0.0
-311557.78894472367 0.0
-301507.5376884422 0.0
-291457.2864321608 0.0
-281407.0351758794 0.0
-271356.78391959803 0.0
-261306.53266331664 0.0
-251256.28140703525 0.0
-241206.03015075385 0.0
-231155.77889447246 0.0
-221105.527638191 0.0
-211055.27638190956 0.0
-201005.02512562816 0.0
-190954.77386934677 0.0
-180904.52261306538 0.0
-170854.27135678398 0.0
-160804.0201005026 0.0
-150753.7688442212 0.0
-140703.5175879398 0.0
-130653.26633165835 0.0
-120603.0150753769 0.0
-110552.7638190955 0.0
-100502.51256281411 0.0
-90452.26130653272 1.345665216751843e-09
-80402.01005025132 2.7754345095506766e-09
-70351.75879396993 1.328844401542445e-08
-60301.507537688536 5.071475785633509e-08
-50251.25628140714 1.6677838280118157e-07
-40201.00502512575 5.470129106096243e-07
-30150.753768844297 1.7200965633130238e-06
-20100.502512562845 4.34296627891448e-06
-10050.251256281452 9.166923768741697e-06
-5.820766091346741e-11 1.5315604560385055e-05
10050.251256281335 1.9553188432012656e-05
20100.50251256273 1.8719548830234892e-05
30150.753768844123 1.381047801544812e-05
40201.005025125516 8.261879806400035e-06
50251.25628140691 4.16609540698766e-06
60301.50753768836 1.9814920316670664e-06
70351.75879396976 9.231263386917752e-07
80402.01005025115 4.1791315387748946e-07
90452.26130653254 1.9150498115899891e-07
100502.51256281394 8.03193926248747e-08
110552.76381909545 3.894018720975601e-08
120603.01507537684 1.7073127437539208e-08
130653.26633165823 7.4011586921350515e-09
140703.51758793963 2.354914129315753e-09
150753.76884422102 5.887285323289246e-10
160804.0201005024 3.364163041879647e-10
170854.2713567838 0.0
180904.5226130652 1.6820815209398235e-10
190954.7738693466 8.410407604698922e-11
201005.0251256281 0.0
211055.2763819095 0.0
221105.5276381909 0.0
231155.77889447229 0.0
241206.03015075368 0.0
251256.28140703507 0.0
261306.53266331647 0.0
271356.78391959786 0.0
281407.03517587925 0.0
291457.28643216076 0.0
301507.53768844216 0.0
311557.78894472355 0.0
321608.04020100494 0.0
331658.29145728634 0.0
341708.54271356773 0.0
351758.7939698491 0.0
361809.0452261305 0.0
371859.2964824119 0.0
381909.5477386934 0.0
391959.7989949748 0.0
402010.0502512562 0.0
412060.3015075376 0.0
422110.552763819 0.0
432160.8040201004 0.0
442211.0552763818 0.0
452261.3065326632 0.0
462311.55778894457 0.0
472361.8090452261 0.0
482412.0603015075 0.0
492462.31155778887 0.0
502512.56281407026 0.0
512562.81407035165 0.0
522613.06532663305 0.0
532663.3165829144 0.0
542713.5678391958 0.0
552763.8190954772 0.0
562814.0703517587 0.0
572864.3216080401 0.0
582914.5728643215 0.0
592964.8241206029 0.0
603015.0753768843 0.0
613065.3266331657 0.0
623115.5778894471 0.0
633165.8291457285 0.0
643216.0804020099 0.0
653266.3316582914 0.0
663316.5829145728 0.0
673366.8341708542 0.0
683417.0854271356 0.0
693467.336683417 0.0
703517.5879396984 0.0
713567.8391959798 0.0
723618.0904522612 0.0
733668.3417085425 0.0
743718.592964824 0.0
753768.8442211054 0.0
763819.0954773868 0.0
773869.3467336682 0.0
783919.5979899496 0.0
793969.849246231 0.0
804020.1005025124 0.0
814070.3517587938 0.0
824120.6030150752 0.0
834170.8542713567 0.0
844221.1055276381 0.0
854271.3567839195 0.0
864321.6080402009 0.0
874371.8592964823 0.0
884422.1105527637 0.0
894472.3618090451 0.0
904522.6130653265 0.0
914572.8643216079 0.0
924623.1155778893 0.0
934673.3668341707 0.0
944723.6180904522 0.0
954773.8693467336 0.0
964824.120603015 0.0
974874.3718592963 0.0
984924.6231155777 0.0
994974.8743718592 0.0

-994974.8743718592 0.0
-984924.623115578 0.0
-974874.3718592965 0.0
-964824.1206030152 0.0
-954773.8693467337 0.0
-944723.6180904522 0.0
-934673.3668341709 0.0
-924623.1155778894 0.0
-914572.8643216081 0.0
-904522.6130653266 0.0
-894472.3618090453 0.0
-884422.1105527638 0.0
-874371.8592964825 0.0
-864321.608040201 0.0
-854271.3567839195 0.0
-844221.1055276382 0.0
-834170.8542713567 0.0
-824120.6030150754 0.0
-814070.3517587939 0.0
-804020.1005025127 0.0
-793969.8492462311 0.0
-783919.5979899499 0.0
-773869.3467336684 0.0
-763819.095477387 0.0
-753768.8442211056 0.0
-743718.592964824 0.0
-733668.3417085428 0.0
-723618.0904522613 0.0
-713567.83919598 0.0
-703517.5879396985 0.0
-693467.3366834171 0.0
-683417.0854271357 0.0
-673366.8341708543 0.0
-663316.5829145729 0.0
-653266.3316582914 0.0
-643216.0804020101 0.0
-633165.8291457286 0.0
-623115.5778894473 0.0
-613065.3266331658 0.0
-603015.0753768844 0.0
-592964.824120603 0.0
-582914.5728643216 0.0
-572864.3216080402 0.0
-562814.0703517587 0.0
-552763.8190954775 0.0
-542713.567839196 0.0
-532663.3165829147 0.0
-522613.0653266332 0.0
-512562.8140703518 0.0
-502512.5628140704 0.0
-492462.311557789 0.0
-482412.0603015076 0.0
-472361.8090452262 0.0
-462311.55778894474 0.0
-452261.30653266335 0.0
-442211.05527638196 0.0
-432160.80402010056 0.0
-422110.55276381917 0.0
-412060.3015075378 0.0
-402010.0502512563 0.0
-391959.7989949749 0.0
-381909.5477386935 0.0
-371859.2964824121 0.0
-361809.0452261307 0.0
-351758.7939698493 0.0
-341708.5427135679 0.0
-331658.2914572865 0.0
-321608.0402010051 0.0
-311557.78894472367 0.0
-301507.5376884422 0.0
-291457.2864321608 0.0
-281407.0351758794 0.0
-271356.78391959803 0.0
-261306.53266331664 0.0
-251256.28140703525 0.0
-241206.03015075385 0.0
-231155.77889447246 0.0
-221105.527638191 0.0
-211055.27638190956 0.0
-201005.02512562816 0.0
-190954.77386934677 0.0
-180904.52261306538 0.0
-170854.27135678398 0.0
-160804.0201005026 0.0
-150753.7688442212 0.0
-140703.5175879398 0.0
-130653.26633165835 0.0
-120603.0150753769 0.0
-110552.7638190955 0.0
-100502.51256281411 3.2417894351874293e-10
-90452.26130653272 9.725368305562289e-10
-80402.01005025132 1.539849981714029e-09
-70351.75879396993 1.0292681456720088e-08
-60301.507537688536 3.5416549579422665e-08
-50251.25628140714 1.2886113004870032e-07
-40201.00502512575 4.877272205239488e-07
-30150.753768844297 1.5521687815677233e-06
-20100.502512562845 4.171453600463304e-06
-10050.251256281452 9.376632807072e-06
-5.820766091346741e-11 1.6462130930825287e-05
10050.251256281335 2.1034431794949516e-05
20100.50251256273 1.9533564331193616e-05
30150.753768844123 1.319627120908159e-05
40201.005025125516 7.314044278933999e-06
50251.25628140691 3.4277060592954284e-06
60301.50753768836 1.579723991766816e-06
70351.75879396976 6.796411550870525e-07
80402.01005025115 2.9719104647080416e-07
90452.26130653254 1.3015784582277682e-07
100502.51256281394 4.643863365905939e-08
110552.76381909545 2.1395810272236787e-08
120603.01507537684 6.5646236062546215e-09
130653.26633165823 2.431342076390544e-09
140703.51758793963 1.6208947175937334e-09
150753.76884422102 1.0535815664359022e-09
160804.0201005024 2.4313420763906e-10
170854.2713567838 0.0
180904.5226130652 0.0
190954.7738693466 0.0
201005.0251256281 0.0
211055.2763819095 0.0
221105.5276381909 0.0
231155.77889447229 0.0
241206.03015075368 0.0
251256.28140703507 0.0
261306.53266331647 0.0
271356.78391959786 0.0
281407.03517587925 0.0
291457.28643216076 0.0
301507.53768844216 0.0
311557.78894472355 0.0
321608.04020100494 0.0
331658.29145728634 0.0
341708.54271356773 0.0
351758.7939698491 0.0
361809.0452261305 0.0
371859.2964824119 0.0
381909.5477386934 0.0
391959.7989949748 0.0
402010.0502512562 0.0
412060.3015075376 0.0
422110.552763819 0.0
432160.8040201004 0.0
442211.0552763818 0.0
452261.3065326632 0.0
462311.55778894457 0.0
472361.8090452261 0.0
482412.0603015075 0.0
492462.31155778887 0.0
502512.56281407026 0.0
512562.81407035165 0.0
522613.06532663305 0.0
532663.3165829144 0.0
542713.5678391958 0.0
552763.8190954772 0.0
562814.0703517587 0.0
572864.3216080401 0.0
582914.5728643215 0.0
592964.8241206029 0.0
603015.0753768843 0.0
613065.3266331657 0.0
623115.5778894471 0.0
633165.8291457285 0.0
643216.0804020099 0.0
653266.3316582914 0.0
663316.5829145728 0.0
673366.8341708542 0.0
683417.0854271356 0.0
693467.336683417 0.0
703517.5879396984 0.0
713567.8391959798 0.0
723618.0904522612 0.0
733668.3417085425 0.0
743718.592964824 0.0
753768.8442211054 0.0
763819.0954773868 0.0
773869.3467336682 0.0
783919.5979899496 0.0
793969.849246231 0.0
804020.1005025124 0.0
814070.3517587938 0.0
824120.6030150752 0.0
834170.8542713567 0.0
844221.1055276381 0.0
854271.3567839195 0.0
864321.6080402009 0.0
874371.8592964823 0.0
884422.1105527637 0.0
894472.3618090451 0.0
904522.6130653265 0.0
914572.8643216079 0.0
924623.1155778893 0.0
934673.3668341707 0.0
944723.6180904522 0.0
954773.8693467336 0.0
964824.120603015 0.0
974874.3718592963 0.0
984924.6231155777 0.0
994974.8743718592 0.0

-994974.8743718592 0.0
-984924.623115578 0.0
-974874.3718592965 0.0
-964824.1206030152 0.0
-954773.8693467337 0.0
-944723.6180904522 0.0
-934673.3668341709 0.0
-924623.1155778894 0.0
-914572.8643216081 0.0
-904522.6130653266 0.0
-894472.3618090453 0.0
-884422.1105527638 0.0
-874371.8592964825 0.0
-864321.608040201 0.0
-854271.3567839195 0.0
-844221.1055276382 0.0
-834170.8542713567 0.0
-824120.6030150754 0.0
-814070.3517587939 0.0
-804020.1005025127 0.0
-793969.8492462311 0.0
-783919.5979899499 0.0
-773869.3467336684 0.0
-763819.095477387 0.0
-753768.8442211056 0.0
-743718.592964824 0.0
-733668.3417085428 0.0
-723618.0904522613 0.0
-713567.83919598 0.0
-703517.5879396985 0.0
-693467.3366834171 0.0
-683417.0854271357 0.0
-673366.8341708543 0.0
-663316.5829145729 0.0
-653266.3316582914 0.0
-643216.0804020101 0.0
-633165.8291457286 0.0
-623115.5778894473 0.0
-613065.3266331658 0.0
-603015.0753768844 0.0
-592964.824120603 0.0
-582914.5728643216 0.0
-572864.3216080402 0.0
-562814.0703517587 0.0
-552763.8190954775 0.0
-542713.567839196 0.0
-532663.3165829147 0.0
-522613.0653266332 0.0
-512562.8140703518 0.0
-502512.5628140704 0.0
-492462.311557789 0.0
-482412.0603015076 0.0
-472361.8090452262 0.0
-462311.55778894474 0.0
-452261.30653266335 0.0
-442211.05527638196 0.0
-432160.80402010056 0.0
-422110.55276381917 0.0
-412060.3015075378 0.0
-402010.0502512563 0.0
-391959.7989949749 0.0
-381909.5477386935 0.0
-371859.2964824121 0.0
-361809.0452261307 0.0
-351758.7939698493 0.0
-341708.5427135679 0.0
-331658.2914572865 0.0
-321608.0402010051 0.0
-311557.78894472367 0.0
-301507.5376884422 0.0
-291457.2864321608 0.0
-281407.0351758794 0.0
-271356.78391959803 0.0
-261306.53266331664 0.0
-251256.28140703525 0.0
-241206.03015075385 0.0
-231155.77889447246 0.0
-221105.527638191 0.0
-211055.27638190956 0.0
-201005.02512562816 0.0
-190954.77386934677 0.0
-180904.52261306538 0.0
-170854.27135678398 0.0
-160804.0201005026 0.0
-150753.7688442212 0.0
-140703.5175879398 0.0
-130653.26633165835 0.0
-120603.0150753769 0.0
-110552.7638190955 0.0
-100502.51256281411 3.276966760524049e-11
-90452.26130653272 4.9154501407860736e-11
-80402.01005025132 4.096208450655061e-10
-70351.75879396993 2.4904947379982773e-09
-60301.507537688536 1.0912299312545084e-08
-50251.25628140714 5.402079704723895e-08
-40201.00502512575 2.630257370334628e-07
-30150.753768844297 1.173760339118293e-06
-20100.502512562845 4.396771841930327e-06
-10050.251256281452 1.2699573368568702e-05
-5.820766091346741e-11 2.3790500139229952e-05
10050.251256281335 2.5099484511721283e-05
20100.50251256273 1.692007716845044e-05
30150.753768844123 8.619766136550065e-06
40201.005025125516 3.856170635446674e-06
50251.25628140691 1.6199193635636557e-06
60301.50753768836 6.317991914290293e-07
70351.75879396976 2.3217309498313157e-07
80402.01005025115 8.113769699057452e-08
90452.26130653254 2.7280748281363024e-08
100502.51256281394 1.0879529644939716e-08
110552.76381909545 4.5713686309309955e-09
120603.01507537684 2.048104225327554e-09
130653.26633165823 1.3435563718148444e-09
140703.51758793963 6.717781859074378e-10
150753.76884422102 4.260056788681214e-10
160804.0201005024 2.457725070393065e-10
170854.2713567838 2.4577250703930085e-10
180904.5226130652 1.1469383661834303e-10
190954.7738693466 9.830900281572034e-11
201005.0251256281 0.0
211055.2763819095 0.0
221105.5276381909 0.0
231155.77889447229 0.0
241206.03015075368 0.0
251256.28140703507 0.0
261306.53266331647 0.0
271356.78391959786 0.0
281407.03517587925 0.0
291457.28643216076 0.0
301507.53768844216 0.0
311557.78894472355 0.0
321608.04020100494 0.0
331658.29145728634 0.0
341708.54271356773 0.0
351758.7939698491 0.0
361809.0452261305 0.0
371859.2964824119 0.0
381909.5477386934 0.0
391959.7989949748 0.0
402010.0502512562 0.0
412060.3015075376 0.0
422110.552763819 0.0
432160.8040201004 0.0
442211.0552763818 0.0
452261.3065326632 0.0
462311.55778894457 0.0
472361.8090452261 0.0
482412.0603015075 0.0
492462.31155778887 0.0
502512.56281407026 0.0
512562.81407035165 0.0
522613.06532663305 0.0
532663.3165829144 0.0
542713.5678391958 0.0
552763.8190954772 0.0
562814.0703517587 0.0
572864.3216080401 0.0
582914.5728643215 0.0
592964.8241206029 0.0
603015.0753768843 0.0
613065.3266331657 0.0
623115.5778894471 0.0
633165.8291457285 0.0
643216.0804020099 0.0
653266.3316582914 0.0
663316.5829145728 0.0
673366.8341708542 0.0
683417.0854271356 0.0
693467.336683417 0.0
703517.5879396984 0.0
713567.8391959798 0.0
723618.0904522612 0.0
733668.3417085425 0.0
743718.592964824 0.0
753768.8442211054 0.0
763819.0954773868 0.0
773869.3467336682 0.0
783919.5979899496 0.0
793969.849246231 0.0
804020.1005025124 0.0
814070.3517587938 0.0
824120.6030150752 0.0
834170.8542713567 0.0
844221.1055276381 0.0
854271.3567839195 0.0
864321.6080402009 0.0
874371.8592964823 0.0
884422.1105527637 0.0
894472.3618090451 0.0
904522.6130653265 0.0
914572.8643216079 0.0
924623.1155778893 0.0
934673.3668341707 0.0
944723.6180904522 0.0
954773.8693467336 0.0
964824.120603015 0.0
974874.3718592963 0.0
984924.6231155777 0.0
994974.8743718592 0.0

