s_d_bin s_d
-99.49748743718592 1.4459736295100745e-06
-98.4924623115578 2.4099560491834575e-06
-97.48743718592965 2.4099560491834232e-06
-96.4824120603015 9.63982419673383e-07
-95.47738693467338 1.4459736295100745e-06
-94.47236180904522 1.927964839346739e-06
-93.46733668341707 1.927964839346766e-06
-92.46231155778895 2.4099560491834575e-06
-91.4572864321608 2.4099560491834575e-06
-90.45226130653268 3.3739384688568405e-06
-89.44723618090453 3.855929678693478e-06
-88.44221105527637 2.4099560491834575e-06
-87.43718592964825 2.891947259020149e-06
-86.4321608040201 3.855929678693478e-06
-85.42713567839195 4.337920888530223e-06
-84.42211055276383 4.337920888530223e-06
-83.41708542713567 7.229868147550372e-06
-82.41206030150755 4.337920888530223e-06
-81.4070351758794 2.4099560491834232e-06
-80.40201005025125 7.711859357387064e-06
-79.39698492462313 6.265885727876989e-06
-78.39195979899498 6.747876937713586e-06
-77.38693467336682 1.1085797826243904e-05
-76.3819095477387 4.337920888530223e-06
-75.37688442211055 9.157832986897138e-06
-74.37185929648243 8.675841777060446e-06
-73.36683417085428 1.0603806616407063e-05
-72.36180904522612 9.157832986897138e-06
-71.356783919598 8.193850567223754e-06
-70.35175879396985 5.301903308203532e-06
-69.3467336683417 9.63982419673383e-06
-68.34170854271358 1.3495753875427362e-05
-67.33668341708542 1.1085797826243904e-05
-66.3316582914573 9.63982419673383e-06
-65.32663316582915 1.0603806616407063e-05
-64.321608040201 1.3977745085264052e-05
-63.31658291457287 1.879765718363097e-05
-62.311557788944725 1.6869692344284084e-05
-61.30653266331659 1.3013762665590577e-05
-60.301507537688444 1.927964839346766e-05
-59.29648241206031 2.3135578072161192e-05
-58.29145728643216 2.2171595652487652e-05
-57.286432160804026 1.976163960330421e-05
-56.28140703517588 2.6991507750854724e-05
-55.276381909547744 2.2653586862324502e-05
-54.2713567839196 2.6027525331181154e-05
-53.26633165829146 2.7955490170527908e-05
-52.26130653266332 2.6509516541018034e-05
-51.25628140703518 3.9041287996772014e-05
-50.25125628140704 2.988345500987466e-05
-49.2462311557789 3.518535831807823e-05
-48.24120603015076 3.952327920660871e-05
-47.23618090452262 4.5307173724649004e-05
-46.231155778894475 4.819912098366881e-05
-45.22613065326634 4.723513856399543e-05
-44.221105527638194 5.783894518040298e-05
-43.21608040201006 6.314084848860659e-05
-42.21105527638191 6.89247430066464e-05
-41.206030150753776 7.326266389517659e-05
-40.20100502512563 7.808257599354403e-05
-39.195979899497495 8.772240019027786e-05
-38.19095477386935 0.00010411010132472462
-37.18592964824121 9.591625075750093e-05
-36.18090452261307 0.00010459209253456206
-35.17587939698493 0.0001426693981116607
-34.170854271356795 0.000162431037714965
-33.16582914572865 0.00015327320472806574
-32.16080402010051 0.0001706248882821888
-31.15577889447237 0.00020870219385928744
-30.150753768844226 0.00024726149064621927
-29.14572864321608 0.00027907291049544434
-28.140703517587944 0.0002882307434823415
-27.135678391959807 0.0003282360138987869
-26.13065326633167 0.00036679531068572227
-25.125628140703526 0.000428008194334976
-24.120603015075382 0.0005128386472662398
-23.115577889447245 0.0005942951617286406
-22.1105527638191 0.0006844275179680922
-21.105527638190956 0.0007673300060600128
-20.10050251256282 0.0009239771492569376
-19.095477386934682 0.0011403912024736122
-18.090452261306545 0.0013408995457656757
-17.0854271356784 0.0015693633792282454
-16.080402010050257 0.0019188070063598688
-15.07537688442212 0.002423933794268721
-14.070351758793976 0.002970511826223488
-13.065326633165832 0.003720490148729422
-12.060301507537694 0.00466181898154048
-11.055276381909557 0.005597845911043335
-10.05025125628142 0.007036589672405859
-9.045226130653276 0.008876832111562222
-8.040201005025132 0.011194727839666995
-7.035175879396995 0.014285737468349699
-6.030150753768851 0.018220713705456193
-5.025125628140707 0.023620461229256904
-4.02010050251257 0.03122580052927006
-3.0150753768844325 0.04124832574661422
-2.0100502512562954 0.05525354433083897
-1.0050251256281513 0.07424014206872487
-7.105427357601002e-15 0.09354870993478377
1.00502512562813 0.10355918537188202
2.010050251256274 0.09575333772857544
3.0150753768844183 0.07834622518532469
4.020100502512555 0.06228579608235629
5.025125628140692 0.04954773238879221
6.0301507537688295 0.038888978774463616
7.035175879396974 0.030740435380964076
8.040201005025118 0.023952071181624547
9.045226130653255 0.01836916699808615
10.050251256281399 0.014398041420241444
11.055276381909543 0.011481512609519828
12.06030150753768 0.009168918784723382
13.065326633165817 0.0074163987457571716
14.070351758793954 0.006017660254811093
15.075376884422099 0.00482665997530456
16.080402010050243 0.00395955778880842
17.08542713567838 0.003406231879915899
18.090452261306524 0.0027550617554264896
19.095477386934668 0.002362720910619462
20.100502512562805 0.0020248450725239412
21.105527638190942 0.001667207594825116
22.11055276381908 0.0014363338053133407
23.115577889447223 0.0012560690928344002
24.120603015075368 0.0011119537210932473
25.125628140703505 0.000945184762489752
26.13065326633165 0.0008237229776108942
27.135678391959793 0.0007065991136205897
28.14070351758793 0.0006241786167385155
29.145728643216074 0.0005542898913121874
30.15075376884421 0.0004704234208006176
31.15577889447235 0.0003663133194758804
32.160804020100485 0.0003542635392299733
33.16582914572862 0.0003137762776036817
34.170854271356774 0.00028437481380364394
35.17587939698491 0.00023762166644949228
36.18090452261305 0.0002255718862035684
37.1859296482412 0.00020388228176091761
38.190954773869336 0.00016387701134447743
39.19597989949747 0.00015857510803626927
40.201005025125625 0.00015375519593790243
41.20603015075376 0.000142187406901826
42.2110552763819 0.00012097979366900786
43.216080402010036 0.00011808784640999108
44.22110552763817 9.73622243870103e-05
45.226130653266324 0.00010266412769521385
46.23115577889446 9.109633865913598e-05
47.2361809045226 8.868638260994999e-05
48.241206030150735 6.506881332795427e-05
49.24623115577887 7.037071663615597e-05
50.251256281407024 6.506881332795244e-05
51.25628140703516 5.398301550171021e-05
52.2613065326633 4.868111219350515e-05
53.26633165829145 4.9163103403341835e-05
54.271356783919586 5.398301550171021e-05
55.27638190954772 4.675314735415842e-05
56.281407035175874 4.1933235255791566e-05
57.28643216080401 3.4221375898405586e-05
58.29145728643215 3.084743742954782e-05
59.296482412060286 3.132942863938539e-05
60.30150753768842 3.373938468856793e-05
61.306532663316574 2.6991507750854345e-05
62.31155778894471 2.4581551701671612e-05
63.31658291457285 2.2171595652487497e-05
64.32160804020099 2.2171595652488123e-05
65.32663316582912 2.5063542911507604e-05
66.33165829145727 2.3617569281997547e-05
67.33668341708541 2.265358686232482e-05
68.34170854271355 1.976163960330407e-05
69.3467336683417 1.976163960330407e-05
70.35175879396984 1.5905709924611045e-05
71.35678391959797 1.542371871477391e-05
72.36180904522612 1.0121815406570378e-05
73.36683417085426 1.2049780245917457e-05
74.3718592964824 1.0121815406570378e-05
75.37688442211054 1.3495753875427552e-05
76.38190954773867 1.2049780245917117e-05
77.38693467336682 1.2531771455753802e-05
78.39195979899496 1.156778903608076e-05
79.3969849246231 1.1085797826243748e-05
80.40201005025123 1.0121815406570666e-05
81.40703517587937 9.15783298689701e-06
82.41206030150752 7.711859357386956e-06
83.41708542713566 8.193850567223871e-06
84.4221105527638 5.301903308203532e-06
85.42713567839195 7.22986814755027e-06
86.43216080402009 6.265885727877078e-06
87.43718592964822 4.337920888530162e-06
88.44221105527637 5.783894518040217e-06
89.44723618090451 6.265885727877078e-06
90.45226130653265 4.8199120983668464e-06
91.45728643216079 6.265885727877078e-06
92.46231155778892 3.855929678693478e-06
93.46733668341707 6.265885727876901e-06
94.47236180904521 5.3019033082036815e-06
95.47738693467335 1.927964839346739e-06
96.48241206030148 5.78389451804038e-06
97.48743718592962 5.783894518040217e-06
98.49246231155777 1.927964839346739e-06
99.49748743718592 4.8199120983668464e-06

-99.49748743718592 3.69412291033771e-06
-98.4924623115578 3.69412291033771e-06
-97.48743718592965 1.847061455168829e-06
-96.4824120603015 2.7705921827532825e-06
-95.47738693467338 3.69412291033771e-06
-94.47236180904522 9.235307275844145e-07
-93.46733668341707 4.617653637922138e-06
-92.46231155778895 1.847061455168855e-06
-91.4572864321608 3.69412291033771e-06
-90.45226130653268 4.617653637922138e-06
-89.44723618090453 7.388245820675316e-06
-88.44221105527637 5.541184365506565e-06
-87.43718592964825 3.69412291033771e-06
-86.4321608040201 3.694122910337658e-06
-85.42713567839195 1.847061455168855e-06
-84.42211055276383 5.541184365506565e-06
-83.41708542713567 4.617653637922138e-06
-82.41206030150755 6.464715093090993e-06
-81.4070351758794 7.388245820675316e-06
-80.40201005025125 5.541184365506565e-06
-79.39698492462313 6.464715093090993e-06
-78.39195979899498 6.464715093090902e-06
-77.38693467336682 6.464715093090993e-06
-76.3819095477387 9.235307275844276e-06
-75.37688442211055 1.0158838003428702e-05
-74.37185929648243 9.235307275844276e-06
-73.36683417085428 6.464715093090902e-06
-72.36180904522612 1.108236873101313e-05
-71.356783919598 1.108236873101313e-05
-70.35175879396985 2.031767600685712e-05
-69.3467336683417 1.2929430186181986e-05
-68.34170854271358 1.0158838003428702e-05
-67.33668341708542 1.108236873101313e-05
-66.3316582914573 1.2005899458597558e-05
-65.32663316582915 1.662355309651946e-05
-64.321608040201 1.477649164135084e-05
-63.31658291457287 1.754708382410412e-05
-62.311557788944725 1.2005899458597473e-05
-61.30653266331659 1.662355309651958e-05
-60.301507537688444 1.6623553096519695e-05
-59.29648241206031 2.7705921827532825e-05
-58.29145728643216 1.9394145279272842e-05
-57.286432160804026 3.509416764820799e-05
-56.28140703517588 2.4935329644779543e-05
-55.276381909547744 3.601769837579267e-05
-54.2713567839196 3.0476514010285894e-05
-53.26633165829146 5.356478219989642e-05
-52.26130653266332 4.8947128561974655e-05
-51.25628140703518 5.1717720744727945e-05
-50.25125628140704 4.525300565163663e-05
-49.2462311557789 4.8947128561974316e-05
-48.24120603015076 5.448831292748122e-05
-47.23618090452262 5.0794190017143515e-05
-46.231155778894475 5.633537438264968e-05
-45.22613065326634 7.295892747916926e-05
-44.221105527638194 8.773541912052062e-05
-43.21608040201006 9.142954203085832e-05
-42.21105527638191 9.23530727584421e-05
-41.206030150753776 0.00011174721803771494
-40.20100502512563 9.974131857911817e-05
-39.195979899497495 8.958248057568947e-05
-38.19095477386935 0.00011451781022046819
-37.18592964824121 0.00013945313986524758
-36.18090452261307 0.00015145903932384613
-35.17587939698493 0.00019763557570306748
-34.170854271356795 0.00019763557570306748
-33.16582914572865 0.00021610619025475296
-32.16080402010051 0.0002465827042650422
-31.15577889447237 0.0002789062797304971
-30.150753768844226 0.00030384160937527236
-29.14572864321608 0.0003574063915751735
-28.140703517587944 0.0003490946150269136
-27.135678391959807 0.0004460653414232785
-26.13065326633167 0.0004663830174301359
-25.125628140703526 0.0005301066376334539
-24.120603015075382 0.0006649421238607878
-23.115577889447245 0.0007305128055192821
-22.1105527638191 0.0008422600235569861
-21.105527638190956 0.0010463603143531564
-20.10050251256282 0.001185813454218405
-19.095477386934682 0.0013446607393629265
-18.090452261306545 0.0015543022145245917
-17.0854271356784 0.0019357204050169327
-16.080402010050257 0.002400256360991927
-15.07537688442212 0.0028223099034980106
-14.070351758793976 0.0033256341500314764
-13.065326633165832 0.004202988341236729
-12.060301507537694 0.005359248812172432
-11.055276381909557 0.006449015070722057
-10.05025125628142 0.008148311609477403
-9.045226130653276 0.010417426607152195
-8.040201005025132 0.013333936644863965
-7.035175879396995 0.017337442348942456
-6.030150753768851 0.023030085753772543
-5.025125628140707 0.030588261228323824
-4.02010050251257 0.040361986918349815
-3.0150753768844325 0.051436967403542276
-2.0100502512562954 0.06243898896125556
-1.0050251256281513 0.07291829212715503
-7.105427357601002e-15 0.08638706425824735
1.00502512562813 0.10203075125279998
2.010050251256274 0.10123928541925868
3.0150753768844183 0.08191163435237321
4.020100502512555 0.060828351372348315
5.025125628140692 0.04459822236577959
6.0301507537688295 0.03267636420339221
7.035175879396974 0.024124469665960074
8.040201005025118 0.01821202594796491
9.045226130653255 0.013890825673597375
10.050251256281399 0.010744356484717077
11.055276381909543 0.008424447297025147
12.06030150753768 0.006627256501145852
13.065326633165817 0.005341701728348329
14.070351758793954 0.004390465078936368
15.075376884422099 0.0034881755580863337
16.080402010050243 0.002849092294597959
17.08542713567838 0.0024399681822780575
18.090452261306524 0.0020687088297890884
19.095477386934668 0.001630955264914099
20.100502512562805 0.001413002013204174
21.105527638190942 0.0012199840911390287
22.11055276381908 0.0010611368059945073
23.115577889447223 0.0008644247610190118
24.120603015075368 0.0007185069060606846
25.125628140703505 0.0006677127160435411
26.13065326633165 0.000577206704740259
27.135678391959793 0.0004913183470749155
28.14070351758793 0.00045253005651636947
29.145728643216074 0.0003629475759406749
30.15075376884421 0.00033524165411315195
31.15577889447235 0.000291835709916675
32.160804020100485 0.0002798298104580855
33.16582914572862 0.0002502768271753763
34.170854271356774 0.00022072384389267507
35.17587939698491 0.00020132969861340805
36.18090452261305 0.000167159061692779
37.1859296482412 0.00016531200023761018
38.190954773869336 0.00012467664822389947
39.19597989949747 0.00013760607841007774
40.201005025125625 0.00010990015658254531
41.20603015075376 9.78942571239507e-05
42.2110552763819 9.050601130327261e-05
43.216080402010036 9.881778785153515e-05
44.22110552763817 7.942364257225964e-05
45.226130653266324 7.01883352964155e-05
46.23115577889446 8.034717329984632e-05
47.2361809045226 7.388245820675315e-05
48.241206030150735 7.111186602400192e-05
49.24623115577887 6.187655874815576e-05
50.251256281407024 4.987065928955838e-05
51.25628140703516 5.9105966565404196e-05
52.2613065326633 4.710006710680514e-05
53.26633165829145 4.340594419646748e-05
54.271356783919586 5.171772074472867e-05
55.27638190954772 3.2323575465454506e-05
56.281407035175874 3.417063692062334e-05
57.28643216080401 2.9552983282702098e-05
58.29145728643215 2.216473746202595e-05
59.296482412060286 2.4935329644779895e-05
60.30150753768842 1.9394145279272703e-05
61.306532663316574 2.493532964477919e-05
62.31155778894471 1.9394145279273252e-05
63.31658291457285 2.4011798917194774e-05
64.32160804020099 2.1241206734442132e-05
65.32663316582912 2.5858860372363606e-05
66.33165829145727 2.031767600685712e-05
67.33668341708541 1.3852960913766609e-05
68.34170854271355 1.3852960913766216e-05
69.3467336683417 1.015883800342856e-05
70.35175879396984 8.311776548259966e-06
71.35678391959797 2.031767600685712e-05
72.36180904522612 1.3852960913766216e-05
73.36683417085426 1.9394145279273252e-05
74.3718592964824 1.2929430186181803e-05
75.37688442211054 1.3852960913766609e-05
76.38190954773867 1.2929430186181803e-05
77.38693467336682 1.015883800342856e-05
78.39195979899496 1.0158838003428846e-05
79.3969849246231 9.235307275844143e-06
80.40201005025123 1.1082368731013288e-05
81.40703517587937 1.015883800342856e-05
82.41206030150752 1.2929430186181803e-05
83.41708542713566 5.541184365506644e-06
84.4221105527638 1.2005899458597387e-05
85.42713567839195 9.235307275844145e-07
86.43216080402009 2.770592182753322e-06
87.43718592964822 1.015883800342856e-05
88.44221105527637 1.015883800342856e-05
89.44723618090451 3.6941229103377622e-06
90.45226130653265 1.847061455168829e-06
91.45728643216079 6.464715093091084e-06
92.46231155778892 3.694122910337658e-06
93.46733668341707 5.541184365506487e-06
94.47236180904521 2.770592182753322e-06
95.47738693467335 5.541184365506487e-06
96.48241206030148 3.6941229103377622e-06
97.48743718592962 1.847061455168829e-06
98.49246231155777 6.464715093090902e-06
99.49748743718592 2.7705921827532435e-06

-99.49748743718592 0.0
-98.4924623115578 1.63436536525192e-06
-97.48743718592965 1.6343653652518968e-06
-96.4824120603015 0.0
-95.47738693467338 1.63436536525192e-06
-94.47236180904522 0.0
-93.46733668341707 0.0
-92.46231155778895 4.90309609575576e-06
-91.4572864321608 1.63436536525192e-06
-90.45226130653268 1.63436536525192e-06
-89.44723618090453 1.6343653652518968e-06
-88.44221105527637 3.26873073050384e-06
-87.43718592964825 4.90309609575576e-06
-86.4321608040201 3.2687307305037936e-06
-85.42713567839195 1.63436536525192e-06
-84.42211055276383 8.1718268262596e-06
-83.41708542713567 4.90309609575576e-06
-82.41206030150755 0.0
-81.4070351758794 8.171826826259483e-06
-80.40201005025125 6.53746146100768e-06
-79.39698492462313 4.90309609575576e-06
-78.39195979899498 3.2687307305037936e-06
-77.38693467336682 3.26873073050384e-06
-76.3819095477387 3.26873073050384e-06
-75.37688442211055 6.53746146100768e-06
-74.37185929648243 3.26873073050384e-06
-73.36683417085428 1.6343653652518968e-06
-72.36180904522612 3.26873073050384e-06
-71.356783919598 1.63436536525192e-05
-70.35175879396985 1.3074922922015174e-05
-69.3467336683417 6.53746146100768e-06
-68.34170854271358 1.63436536525192e-06
-67.33668341708542 6.53746146100768e-06
-66.3316582914573 1.4709288287267279e-05
-65.32663316582915 8.171826826259483e-06
-64.321608040201 9.80619219151152e-06
-63.31658291457287 9.80619219151152e-06
-62.311557788944725 8.171826826259542e-06
-61.30653266331659 1.6343653652519084e-05
-60.301507537688444 1.797801901777112e-05
-59.29648241206031 2.2881115113526882e-05
-58.29145728643216 1.6343653652519084e-05
-57.286432160804026 1.96123843830229e-05
-56.28140703517588 2.614984584403072e-05
-55.276381909547744 1.961238438302304e-05
-54.2713567839196 2.2881115113526716e-05
-53.26633165829146 3.268730730503817e-05
-52.26130653266332 1.4709288287267279e-05
-51.25628140703518 2.7784211209282635e-05
-50.25125628140704 2.7784211209282445e-05
-49.2462311557789 3.4321672670290074e-05
-48.24120603015076 3.432167267029032e-05
-47.23618090452262 3.922476876604608e-05
-46.231155778894475 3.759040340079389e-05
-45.22613065326634 4.903096095755725e-05
-44.221105527638194 4.5762230227053764e-05
-43.21608040201006 4.249349949654992e-05
-42.21105527638191 7.191207607108397e-05
-41.206030150753776 5.7202787783816796e-05
-40.20100502512563 8.1718268262596e-05
-39.195979899497495 8.335263362784791e-05
-38.19095477386935 9.152446045410686e-05
-37.18592964824121 0.00012421176775914502
-36.18090452261307 0.00011767430629813823
-35.17587939698493 0.00011440557556763439
-34.170854271356795 0.0001242117677591459
-33.16582914572865 0.00013728669068115932
-32.16080402010051 0.00017487709408195543
-31.15577889447237 0.00018304892090821505
-30.150753768844226 0.00023371424723102124
-29.14572864321608 0.000223908055039513
-28.140703517587944 0.0002794764774580783
-27.135678391959807 0.0004004195144867204
-26.13065326633167 0.0003595603803554224
-25.125628140703526 0.00047396595592305005
-24.120603015075382 0.0004756003212883087
-23.115577889447245 0.0005491467627246451
-22.1105527638191 0.0006847990880405447
-21.105527638190956 0.0007632486255726465
-20.10050251256282 0.0009561037386723731
-19.095477386934682 0.0010803155064315192
-18.090452261306545 0.0013352765034108185
-17.0854271356784 0.001539572174067287
-16.080402010050257 0.0018615421510219368
-15.07537688442212 0.002263596030873909
-14.070351758793976 0.002745733813623187
-13.065326633165832 0.0034942731509086046
-12.060301507537694 0.004492870389077528
-11.055276381909557 0.005663075990597902
-10.05025125628142 0.0071961107032042036
-9.045226130653276 0.009549596829166833
-8.040201005025132 0.012236493489641124
-7.035175879396995 0.016521799477331657
-6.030150753768851 0.02179753087636455
-5.025125628140707 0.028974029195186036
-4.02010050251257 0.0383945111604981
-3.0150753768844325 0.050565630035529156
-2.0100502512562954 0.06449859477430177
-1.0050251256281513 0.07963772115262917
-7.105427357601002e-15 0.09409695153901404
1.00502512562813 0.09835283895013004
2.010050251256274 0.09019408704679119
3.0150753768844183 0.07693774956923413
4.020100502512555 0.0632907987693806
5.025125628140692 0.04896395197758227
6.0301507537688295 0.03738283899940716
7.035175879396974 0.027950916476537937
8.040201005025118 0.02062569090947923
9.045226130653255 0.014807350209182396
10.050251256281399 0.011239530616837294
11.055276381909543 0.00881903551089936
12.06030150753768 0.006673113786323589
13.065326633165817 0.0054032118975228475
14.070351758793954 0.0043376056793785955
15.075376884422099 0.003572722688440646
16.080402010050243 0.002861773754556112
17.08542713567838 0.002382904702537299
18.090452261306524 0.0019759477265895433
19.095477386934668 0.0016637839418264546
20.100502512562805 0.0013614263492548492
21.105527638190942 0.0012110647356516728
22.11055276381908 0.0010982935254492902
23.115577889447223 0.0008874603933317799
24.120603015075368 0.0007599798948421427
25.125628140703505 0.0006504774153702641
26.13065326633165 0.0005638560510119044
27.135678391959793 0.000550781128089897
28.14070351758793 0.00045598793690528565
29.145728643216074 0.00039715078375621095
30.15075376884421 0.0003906133222952144
31.15577889447235 0.000364463476451173
32.160804020100485 0.00027457338136232644
33.16582914572862 0.00025169226624879214
34.170854271356774 0.00026149845844030344
35.17587939698491 0.00023207988186577593
36.18090452261305 0.00018304892090821245
37.1859296482412 0.0002010269399259833
38.190954773869336 0.00015199597896843072
39.19597989949747 0.00017978019017770867
40.201005025125625 0.00010950247947187709
41.20603015075376 0.00012421176775914767
42.2110552763819 0.0001045993833761214
43.216080402010036 0.00010459938337612435
44.22110552763817 0.00010623374874137329
45.226130653266324 7.681517216683915e-05
46.23115577889446 8.008390289734521e-05
47.2361809045226 5.393405705331259e-05
48.241206030150735 8.498699899310104e-05
49.24623115577887 5.883715314906829e-05
50.251256281407024 6.047151851432018e-05
51.25628140703516 3.5956038035542746e-05
52.2613065326633 4.085913413129742e-05
53.26633165829145 3.759040340079363e-05
54.271356783919586 3.105294193978692e-05
55.27638190954772 4.9030960957556906e-05
56.281407035175874 3.1052941939786044e-05
57.28643216080401 3.5956038035542746e-05
58.29145728643215 2.7784211209282245e-05
59.296482412060286 3.105294193978692e-05
60.30150753768842 2.7784211209282245e-05
61.306532663316574 1.6343653652518965e-05
62.31155778894471 2.9418576574534978e-05
63.31658291457285 2.614984584403035e-05
64.32160804020099 1.7978019017771373e-05
65.32663316582912 1.6343653652518965e-05
66.33165829145727 1.9612384383022764e-05
67.33668341708541 1.14405575567636e-05
68.34170854271355 2.2881115113526557e-05
69.3467336683417 8.171826826259483e-06
70.35175879396984 1.634365365251943e-05
71.35678391959797 4.903096095755691e-06
72.36180904522612 1.7978019017770865e-05
73.36683417085426 2.124674974827526e-05
74.3718592964824 1.1440557556763278e-05
75.37688442211054 8.171826826259715e-06
76.38190954773867 9.806192191511382e-06
77.38693467336682 1.1440557556763278e-05
78.39195979899496 6.537461461007772e-06
79.3969849246231 8.171826826259483e-06
80.40201005025123 8.171826826259715e-06
81.40703517587937 9.806192191511382e-06
82.41206030150752 4.903096095755691e-06
83.41708542713566 4.903096095755829e-06
84.4221105527638 3.2687307305037936e-06
85.42713567839195 6.537461461007587e-06
86.43216080402009 4.903096095755829e-06
87.43718592964822 6.537461461007587e-06
88.44221105527637 4.903096095755691e-06
89.44723618090451 6.537461461007772e-06
90.45226130653265 1.1440557556763278e-05
91.45728643216079 3.268730730503886e-06
92.46231155778892 6.537461461007587e-06
93.46733668341707 4.903096095755691e-06
94.47236180904521 3.268730730503886e-06
95.47738693467335 6.537461461007587e-06
96.48241206030148 1.634365365251943e-06
97.48743718592962 4.903096095755691e-06
98.49246231155777 1.6343653652518968e-06
99.49748743718592 1.6343653652518968e-06

-99.49748743718592 1.8915055243367445e-06
-98.4924623115578 1.8915055243367445e-06
-97.48743718592965 0.0
-96.4824120603015 0.0
-95.47738693467338 0.0
-94.47236180904522 0.0
-93.46733668341707 0.0
-92.46231155778895 0.0
-91.4572864321608 0.0
-90.45226130653268 1.8915055243367445e-06
-89.44723618090453 1.8915055243367176e-06
-88.44221105527637 5.674516573010233e-06
-87.43718592964825 3.783011048673489e-06
-86.4321608040201 5.674516573010153e-06
-85.42713567839195 0.0
-84.42211055276383 0.0
-83.41708542713567 1.8915055243367445e-06
-82.41206030150755 1.8915055243367445e-06
-81.4070351758794 1.8915055243367176e-06
-80.40201005025125 1.8915055243367445e-06
-79.39698492462313 0.0
-78.39195979899498 3.783011048673435e-06
-77.38693467336682 1.8915055243367445e-06
-76.3819095477387 3.783011048673489e-06
-75.37688442211055 7.566022097346978e-06
-74.37185929648243 7.566022097346978e-06
-73.36683417085428 1.8915055243367176e-06
-72.36180904522612 5.674516573010233e-06
-71.356783919598 7.566022097346978e-06
-70.35175879396985 5.674516573010153e-06
-69.3467336683417 1.8915055243367445e-06
-68.34170854271358 3.783011048673489e-06
-67.33668341708542 7.566022097346978e-06
-66.3316582914573 1.1349033146020467e-05
-65.32663316582915 5.674516573010153e-06
-64.321608040201 9.457527621683722e-06
-63.31658291457287 1.5132044194693956e-05
-62.311557788944725 7.566022097346924e-06
-61.30653266331659 1.5132044194693847e-05
-60.301507537688444 1.1349033146020467e-05
-59.29648241206031 1.5132044194693956e-05
-58.29145728643216 9.457527621683654e-06
-57.286432160804026 1.1349033146020385e-05
-56.28140703517588 2.0806560767704187e-05
-55.276381909547744 2.2698066292040933e-05
-54.2713567839196 9.457527621683654e-06
-53.26633165829146 1.3240538670357116e-05
-52.26130653266332 2.4589571816377676e-05
-51.25628140703518 1.3240538670357211e-05
-50.25125628140704 3.5938604962397885e-05
-49.2462311557789 2.6481077340714233e-05
-48.24120603015076 1.70235497190307e-05
-47.23618090452262 3.026408838938791e-05
-46.231155778894475 2.8372582865050965e-05
-45.22613065326634 3.5938604962397885e-05
-44.221105527638194 5.10706491570921e-05
-43.21608040201006 6.620269335178605e-05
-42.21105527638191 5.48536602057652e-05
-41.206030150753776 7.37687154491325e-05
-40.20100502512563 6.80941988761228e-05
-39.195979899497495 6.620269335178605e-05
-38.19095477386935 7.755172649780597e-05
-37.18592964824121 8.133473754647943e-05
-36.18090452261307 9.268377069250048e-05
-35.17587939698493 9.83582872655107e-05
-34.170854271356795 0.00011159882593586791
-33.16582914572865 0.00010024979278984603
-32.16080402010051 9.079226516816373e-05
-31.15577889447237 0.0001418629143252558
-30.150753768844226 0.0001513204419469374
-29.14572864321608 0.00018725904690933767
-28.140703517587944 0.00021752313529872558
-27.135678391959807 0.00026859378445581765
-26.13065326633167 0.00027994281760183816
-25.125628140703526 0.0003442540054292826
-24.120603015075382 0.0003537115330509712
-23.115577889447245 0.0004331547650731144
-22.1105527638191 0.0005485366020576481
-21.105527638190956 0.000592041229117401
-20.10050251256282 0.0006487863948475033
-19.095477386934682 0.0007566022097346977
-18.090452261306545 0.0008322624307081675
-17.0854271356784 0.001078158148871929
-16.080402010050257 0.0012483936460622512
-15.07537688442212 0.001375124516192813
-14.070351758793976 0.0019198781072017684
-13.065326633165832 0.00219036339718195
-12.060301507537694 0.0027899706483966976
-11.055276381909557 0.00325906401843221
-10.05025125628142 0.004174552692211194
-9.045226130653276 0.005827728520481427
-8.040201005025132 0.008332081834703358
-7.035175879396995 0.011704636184595774
-6.030150753768851 0.017399959318373466
-5.025125628140707 0.027356844398482332
-4.02010050251257 0.04390751773642885
-3.0150753768844325 0.06503374293774594
-2.0100502512562954 0.08382017580545849
-1.0050251256281513 0.09374490529165207
-7.105427357601002e-15 0.09251920971188318
1.00502512562813 0.08086942718749317
2.010050251256274 0.07026753872358472
3.0150753768844183 0.05838320951417795
4.020100502512555 0.04950448258294127
5.025125628140692 0.042112478993833274
6.0301507537688295 0.03497961166155941
7.035175879396974 0.02908946345877438
8.040201005025118 0.024035360697747008
9.045226130653255 0.019970515325947343
10.050251256281399 0.0163766548297073
11.055276381909543 0.013881759043107367
12.06030150753768 0.011672480590682049
13.065326633165817 0.009658027207263416
14.070351758793954 0.008150497304367031
15.075376884422099 0.006709170094822337
16.080402010050243 0.00551941312001462
17.08542713567838 0.004876301241740127
18.090452261306524 0.004078085910469963
19.095477386934668 0.0034501060763902215
20.100502512562805 0.0030037107726467497
21.105527638190942 0.0025705560075736356
22.11055276381908 0.002188471891657613
23.115577889447223 0.0019936468226509
24.120603015075368 0.0016815484111353657
25.125628140703505 0.001412954626679548
26.13065326633165 0.001280549239975958
27.135678391959793 0.0011500353587967406
28.14070351758793 0.000991148894752454
29.145728643216074 0.0009287292124493283
30.15075376884421 0.0007793002760267497
31.15577889447235 0.0007112060771506058
32.160804020100485 0.0007282296268696568
33.16582914572862 0.0005523196131063216
34.170854271356774 0.0004861169197545364
35.17587939698491 0.0004558528313651618
36.18090452261305 0.0004331547650731083
37.1859296482412 0.0003991076656350474
38.190954773869336 0.00032344744466158786
39.19597989949747 0.00034047099438060916
40.201005025125625 0.0002875088396991811
41.20603015075376 0.0002553532457854641
42.2110552763819 0.00025913625683413033
43.216080402010036 0.0002288721684447493
44.22110552763817 0.0002023910911040288
45.226130653266324 0.0001399714088009171
46.23115577889446 0.00018158453033633002
47.2361809045226 0.00016456098061729443
48.241206030150735 0.0001248393646062269
49.24623115577887 0.00012105635355754992
50.251256281407024 0.00012673087013056008
51.25628140703516 0.0001248393646062269
52.2613065326633 0.0001399714088009171
53.26633165829145 8.700925411948901e-05
54.271356783919586 0.00010592430936285917
55.27638190954772 0.00010024979278984603
56.281407035175874 7.56602209734687e-05
57.28643216080401 9.646678174117531e-05
58.29145728643215 5.296215468142809e-05
59.296482412060286 7.18772099247973e-05
60.30150753768842 4.539613258408122e-05
61.306532663316574 6.241968230311167e-05
62.31155778894471 5.86366712544399e-05
63.31658291457285 3.783011048673435e-05
64.32160804020099 4.5396132584082504e-05
65.32663316582912 6.052817677877496e-05
66.33165829145727 4.1613121535407785e-05
67.33668341708541 5.296215468142958e-05
68.34170854271355 4.3504627059744504e-05
69.3467336683417 4.7287638108417935e-05
70.35175879396984 3.783011048673542e-05
71.35678391959797 4.1613121535407785e-05
72.36180904522612 3.5938604962397635e-05
73.36683417085426 4.728763810841927e-05
74.3718592964824 3.026408838938748e-05
75.37688442211054 3.215559391372511e-05
76.38190954773867 2.4589571816377327e-05
77.38693467336682 3.5938604962397635e-05
78.39195979899496 2.648107734071479e-05
79.3969849246231 3.5938604962397635e-05
80.40201005025123 1.891505524336771e-05
81.40703517587937 2.4589571816377327e-05
82.41206030150752 2.269806629204061e-05
83.41708542713566 2.080656076770448e-05
84.4221105527638 9.457527621683587e-06
85.42713567839195 2.269806629204061e-05
86.43216080402009 1.3240538670357396e-05
87.43718592964822 1.7023549719030458e-05
88.44221105527637 7.56602209734687e-06
89.44723618090451 1.5132044194694167e-05
90.45226130653265 9.457527621683587e-06
91.45728643216079 1.1349033146020626e-05
92.46231155778892 1.1349033146020306e-05
93.46733668341707 1.1349033146020306e-05
94.47236180904521 9.457527621683854e-06
95.47738693467335 1.1349033146020306e-05
96.48241206030148 5.674516573010313e-06
97.48743718592962 1.513204419469374e-05
98.49246231155777 7.56602209734687e-06
99.49748743718592 0.0

-99.49748743718592 0.0
-98.4924623115578 0.0
-97.48743718592965 0.0
-96.4824120603015 5.803427696873286e-07
-95.47738693467338 0.0
-94.47236180904522 0.0
-93.46733668341707 5.803427696873286e-07
-92.46231155778895 1.741028309061986e-06
-91.4572864321608 5.803427696873286e-07
-90.45226130653268 1.1606855393746572e-06
-89.44723618090453 1.1606855393746407e-06
-88.44221105527637 0.0
-87.43718592964825 5.803427696873286e-07
-86.4321608040201 1.7410283090619613e-06
-85.42713567839195 2.3213710787493144e-06
-84.42211055276383 1.1606855393746572e-06
-83.41708542713567 1.1606855393746572e-06
-82.41206030150755 1.1606855393746572e-06
-81.4070351758794 2.901713848436602e-06
-80.40201005025125 5.803427696873286e-07
-79.39698492462313 2.3213710787493144e-06
-78.39195979899498 1.7410283090619613e-06
-77.38693467336682 1.1606855393746572e-06
-76.3819095477387 0.0
-75.37688442211055 5.803427696873286e-07
-74.37185929648243 1.1606855393746572e-06
-73.36683417085428 2.901713848436602e-06
-72.36180904522612 1.1606855393746572e-06
-71.356783919598 4.642742157498629e-06
-70.35175879396985 1.1606855393746407e-06
-69.3467336683417 2.3213710787493144e-06
-68.34170854271358 3.482056618123972e-06
-67.33668341708542 5.223084927185957e-06
-66.3316582914573 5.803427696873286e-06
-65.32663316582915 5.223084927185883e-06
-64.321608040201 2.3213710787493144e-06
-63.31658291457287 5.223084927185957e-06
-62.311557788944725 5.803427696873245e-06
-61.30653266331659 5.803427696873245e-06
-60.301507537688444 6.383770466560614e-06
-59.29648241206031 6.383770466560614e-06
-58.29145728643216 8.705141545309867e-06
-57.286432160804026 6.964113236247894e-06
-56.28140703517588 1.21871981634339e-05
-55.276381909547744 5.803427696873286e-06
-54.2713567839196 1.1026512624059164e-05
-53.26633165829146 1.4508569242183112e-05
-52.26130653266332 9.865827084684586e-06
-51.25628140703518 1.5669254781557873e-05
-50.25125628140704 1.915131139968171e-05
-49.2462311557789 1.2187198163433815e-05
-48.24120603015076 1.4508569242183214e-05
-47.23618090452262 2.0892339708743827e-05
-46.231155778894475 1.6249597551245084e-05
-45.22613065326634 2.321371078749298e-05
-44.221105527638194 2.3213710787493143e-05
-43.21608040201006 2.7856452944991774e-05
-42.21105527638191 4.874879265373526e-05
-41.206030150753776 3.9463308338738065e-05
-40.20100502512563 4.526673603561163e-05
-39.195979899497495 4.9329135423422925e-05
-38.19095477386935 5.3971877580921177e-05
-37.18592964824121 7.950695944716346e-05
-36.18090452261307 6.790010405341744e-05
-35.17587939698493 7.892661667747668e-05
-34.170854271356795 9.169415761059792e-05
-33.16582914572865 9.807792807715715e-05
-32.16080402010051 0.00011258649731934175
-31.15577889447237 0.00012535403825246298
-30.150753768844226 0.00012767540933121047
-29.14572864321608 0.00015437117673682943
-28.140703517587944 0.00016829940320932529
-27.135678391959807 0.00017526351644557323
-26.13065326633167 0.00020950373985712561
-25.125628140703526 0.0002594132180502322
-24.120603015075382 0.00024490464880805264
-23.115577889447245 0.00031454578117053213
-22.1105527638191 0.00033775949195802047
-21.105527638190956 0.0004265519357201865
-20.10050251256282 0.00045150667481674167
-19.095477386934682 0.0005437811751970268
-18.090452261306545 0.0006685548706798025
-17.0854271356784 0.0007608293710600771
-16.080402010050257 0.0008542645569797477
-15.07537688442212 0.0010359118438918815
-14.070351758793976 0.001235549756664305
-13.065326633165832 0.0014897398897873724
-12.060301507537694 0.001785134359558223
-11.055276381909557 0.0021408844773765554
-10.05025125628142 0.002742699929542315
-9.045226130653276 0.0035261626686201586
-8.040201005025132 0.004972957193450719
-7.035175879396995 0.007608293710600878
-6.030150753768851 0.01311574659493344
-5.025125628140707 0.023149873082827534
-4.02010050251257 0.03806352157825251
-3.0150753768844325 0.05539952079435239
-2.0100502512562954 0.06739694687209853
-1.0050251256281513 0.07437847039143604
-7.105427357601002e-15 0.07561634151918016
1.00502512562813 0.07303903927899874
2.010050251256274 0.06766796694554156
3.0150753768844183 0.06142115737262811
4.020100502512555 0.055010110795892186
5.025125628140692 0.049066820491524256
6.0301507537688295 0.04278635103796799
7.035175879396974 0.037223185247744726
8.040201005025118 0.03212777572989051
9.045226130653255 0.027184416017693846
10.050251256281399 0.023162060280990646
11.055276381909543 0.019468758894700813
12.06030150753768 0.016406870441830465
13.065326633165817 0.013931128186344323
14.070351758793954 0.01187903615272993
15.075376884422099 0.00984783645882414
16.080402010050243 0.00861576875877808
17.08542713567838 0.00742954813753718
18.090452261306524 0.006400600406881457
19.095477386934668 0.005519640082496182
20.100502512562805 0.004805818475780768
21.105527638190942 0.0042109671368512555
22.11055276381908 0.0036706680182723534
23.115577889447223 0.0032696511644183628
24.120603015075368 0.0028750180810310257
25.125628140703505 0.0026214082906776633
26.13065326633165 0.0022523102891564904
27.135678391959793 0.001999280841572847
28.14070351758793 0.0018042856709579046
29.145728643216074 0.0016359862677485563
30.15075376884421 0.0014259021851217865
31.15577889447235 0.001273272036693981
32.160804020100485 0.0011641675959927977
33.16582914572862 0.0010219836174193712
34.170854271356774 0.0008931475225487861
35.17587939698491 0.0008298901606528917
36.18090452261305 0.0007817217107688206
37.1859296482412 0.000702795094091345
38.190954773869336 0.0006679745279101247
39.19597989949747 0.0005762803702995091
40.201005025125625 0.0005292726059548362
41.20603015075376 0.0004845862126889262
42.2110552763819 0.0004822648416101632
43.216080402010036 0.0004068202815508231
44.22110552763817 0.0003923117123086286
45.226130653266324 0.00034298257688520636
46.23115577889446 0.0003278936648733453
47.2361809045226 0.00028204658606803773
48.241206030150735 0.00027682350114085965
49.24623115577887 0.0002512884192746097
50.251256281407024 0.00022981573679617886
51.25628140703516 0.00022053025248118798
52.2613065326633 0.00022111059525086905
53.26633165829145 0.00020602168323899871
54.271356783919586 0.00018861140014838447
55.27638190954772 0.00018454900076056788
56.281407035175874 0.00015843357612463845
57.28643216080401 0.00016075494720339229
58.29145728643215 0.0001450856924218301
59.296482412060286 0.00014914809180964557
60.30150753768842 0.00012071129609496264
61.306532663316574 0.00010968478347090355
62.31155778894471 0.00012245232440402805
63.31658291457285 9.517621422872054e-05
64.32160804020099 0.00010388135577403328
65.32663316582912 8.995312930153466e-05
66.33165829145727 9.053347207122198e-05
67.33668341708541 7.718558836841578e-05
68.34170854271355 7.660524559872628e-05
69.3467336683417 7.486421728966434e-05
70.35175879396984 8.937278653184986e-05
71.35678391959797 7.254284621091504e-05
72.36180904522612 5.6873591429357395e-05
73.36683417085426 6.32573618959197e-05
74.3718592964824 5.7453934199044715e-05
75.37688442211054 4.8168449884048956e-05
76.38190954773867 5.107016373248419e-05
77.38693467336682 5.629324865967008e-05
78.39195979899496 5.687359142935901e-05
79.3969849246231 3.772228002967582e-05
80.40201005025123 4.642742157498694e-05
81.40703517587937 5.339153481123348e-05
82.41206030150752 2.9597481254053337e-05
83.41708542713566 3.772228002967689e-05
84.4221105527638 3.71419372599885e-05
85.42713567839195 3.4240223411551904e-05
86.43216080402009 3.307953787217819e-05
87.43718592964822 3.075816679342798e-05
88.44221105527637 2.4374396326867454e-05
89.44723618090451 2.8436795714679504e-05
90.45226130653265 2.9017138484366017e-05
91.45728643216079 2.4374396326868148e-05
92.46231155778892 2.0311996939056213e-05
93.46733668341707 2.2053025248118175e-05
94.47236180904521 1.7990625860307443e-05
95.47738693467335 1.508891201187033e-05
96.48241206030148 1.7990625860307443e-05
97.48743718592962 2.0892339708743533e-05
98.49246231155777 2.2633368017805495e-05
99.49748743718592 1.682994032093229e-05

