s_d_bin lambda_cond_mean
-100.0 nan
-97.97979797979798 nan
-95.95959595959596 nan
-93.93939393939394 nan
-91.91919191919192 nan
-89.8989898989899 nan
-87.87878787878788 nan
-85.85858585858585 nan
-83.83838383838383 nan
-81.81818181818181 nan
-79.79797979797979 nan
-77.77777777777777 nan
-75.75757575757575 nan
-73.73737373737373 nan
-71.71717171717171 nan
-69.69696969696969 nan
-67.67676767676767 nan
-65.65656565656565 nan
-63.63636363636363 nan
-61.61616161616161 nan
-59.59595959595959 nan
-57.57575757575757 nan
-55.55555555555555 nan
-53.53535353535353 nan
-51.515151515151516 nan
-49.494949494949495 nan
-47.474747474747474 nan
-45.45454545454545 nan
-43.43434343434343 nan
-41.41414141414141 -130014.35199287358
-39.39393939393939 -33168.00195783205
-37.37373737373737 nan
-35.35353535353535 -46573.005614422975
-33.33333333333333 -122837.22809844125
-31.313131313131308 -143668.1853324709
-29.292929292929287 -83401.27274074123
-27.272727272727266 -108088.5532472776
-25.252525252525245 -88878.06823852453
-23.232323232323225 -97723.71797712224
-21.212121212121204 -81088.29532855948
-19.191919191919183 -84578.27572384595
-17.171717171717162 -73428.70181106224
-15.151515151515142 -77350.96569209284
-13.13131313131312 -90370.21758879612
-11.1111111111111 -90739.80750923556
-9.09090909090908 -86754.60070112185
-7.0707070707070585 -85348.37421926907
-5.050505050505038 -77067.59095955292
-3.030303030303031 -76837.28792113806
-1.0101010101010104 -75909.47258834551
1.0101010101010104 -72348.77662035963
3.030303030303031 -92057.12249510932
5.050505050505052 -113177.40499663595
7.070707070707073 -117193.3912635854
9.090909090909093 -114462.74775139018
11.111111111111114 -118964.79778318728
13.131313131313135 -112508.95739701531
15.151515151515156 -118985.94392077265
17.171717171717177 -115421.64643095256
19.191919191919197 -113363.13457396094
21.212121212121218 -107402.97787741492
23.23232323232324 -125350.57653306083
25.25252525252526 -111181.22866540503
27.27272727272728 -111110.99802970958
29.2929292929293 -127738.35647979825
31.313131313131322 -105607.62455434112
33.33333333333334 -75165.10813541476
35.353535353535364 -107091.19804650806
37.373737373737384 -98889.30694494014
39.393939393939405 -119473.90423507844
41.414141414141426 -97815.37807923609
43.43434343434345 -114432.42243847476
45.45454545454547 -79675.74343322105
47.47474747474749 -64920.399092683474
49.49494949494951 -71259.76269306727
51.51515151515153 -108414.07869882775
53.53535353535355 -68005.57611771047
55.55555555555557 -106664.50600490875
57.57575757575759 -103282.9061271693
59.59595959595961 -139422.8107448287
61.616161616161634 -99238.29826446524
63.636363636363654 -50519.08680730324
65.65656565656568 -118721.20465534642
67.6767676767677 nan
69.69696969696972 -100822.23720589347
71.71717171717174 nan
73.73737373737376 nan
75.75757575757578 nan
77.7777777777778 -28295.245430860286
79.79797979797982 nan
81.81818181818184 nan
83.83838383838386 -68733.75017719992
85.85858585858588 nan
87.8787878787879 -65118.73555612225
89.89898989898992 nan
91.91919191919195 nan
93.93939393939394 nan
95.95959595959596 nan
97.97979797979798 nan
100.0 nan

-100.0 nan
-97.97979797979798 nan
-95.95959595959596 nan
-93.93939393939394 nan
-91.91919191919192 nan
-89.8989898989899 nan
-87.87878787878788 nan
-85.85858585858585 nan
-83.83838383838383 nan
-81.81818181818181 nan
-79.79797979797979 nan
-77.77777777777777 nan
-75.75757575757575 nan
-73.73737373737373 nan
-71.71717171717171 nan
-69.69696969696969 nan
-67.67676767676767 nan
-65.65656565656565 nan
-63.63636363636363 nan
-61.61616161616161 nan
-59.59595959595959 nan
-57.57575757575757 nan
-55.55555555555555 nan
-53.53535353535353 nan
-51.515151515151516 -170359.378302147
-49.494949494949495 nan
-47.474747474747474 nan
-45.45454545454545 nan
-43.43434343434343 nan
-41.41414141414141 nan
-39.39393939393939 nan
-37.37373737373737 -55195.31758432124
-35.35353535353535 nan
-33.33333333333333 nan
-31.313131313131308 nan
-29.292929292929287 -106593.96767044663
-27.272727272727266 -155038.6875488972
-25.252525252525245 -126192.48027475702
-23.232323232323225 -104592.6729373692
-21.212121212121204 -89865.5102108364
-19.191919191919183 -94191.9443800627
-17.171717171717162 -109725.91794826304
-15.151515151515142 -106930.588339293
-13.13131313131312 -108241.3153382363
-11.1111111111111 -102679.38312659817
-9.09090909090908 -114291.48214773466
-7.0707070707070585 -109300.58218181306
-5.050505050505038 -108669.9263661712
-3.030303030303031 -103629.64172311513
-1.0101010101010104 -97115.99556783243
1.0101010101010104 -84924.21837753787
3.030303030303031 -77246.12639420513
5.050505050505052 -90801.54512253514
7.070707070707073 -97285.25104948903
9.090909090909093 -101904.94006016295
11.111111111111114 -103751.94666149296
13.131313131313135 -94788.90481842282
15.151515151515156 -94810.26723234686
17.171717171717177 -99877.10722106913
19.191919191919197 -92847.21843969307
21.212121212121218 -90599.74854840215
23.23232323232324 -97242.72597025591
25.25252525252526 -117697.84824998234
27.27272727272728 -92645.94401386719
29.2929292929293 -98213.07945787243
31.313131313131322 -83239.23107133889
33.33333333333334 -92933.64643814942
35.353535353535364 -133991.80483943844
37.373737373737384 -85635.22343056453
39.393939393939405 -86045.09879890464
41.414141414141426 -80161.5457820892
43.43434343434345 -172645.24822148707
45.45454545454547 -115700.3576806325
47.47474747474749 -42638.74816608712
49.49494949494951 -73185.56530917759
51.51515151515153 -92125.97799257135
53.53535353535355 -30200.434802922216
55.55555555555557 -37965.404978993465
57.57575757575759 -38744.344600415
59.59595959595961 -44452.34663165001
61.616161616161634 -121356.69998849463
63.636363636363654 -148617.55936687777
65.65656565656568 -36639.913336143785
67.6767676767677 -33182.14964230046
69.69696969696972 -79959.90513547213
71.71717171717174 -36144.136253435514
73.73737373737376 nan
75.75757575757578 -37456.8230408427
77.7777777777778 -169401.92173372375
79.79797979797982 -91220.08956230582
81.81818181818184 nan
83.83838383838386 nan
85.85858585858588 nan
87.8787878787879 nan
89.89898989898992 -166244.75016054744
91.91919191919195 nan
93.93939393939394 -163150.02968838104
95.95959595959596 nan
97.97979797979798 nan
100.0 nan

-100.0 nan
-97.97979797979798 nan
-95.95959595959596 nan
-93.93939393939394 nan
-91.91919191919192 nan
-89.8989898989899 nan
-87.87878787878788 nan
-85.85858585858585 nan
-83.83838383838383 nan
-81.81818181818181 nan
-79.79797979797979 nan
-77.77777777777777 nan
-75.75757575757575 nan
-73.73737373737373 nan
-71.71717171717171 nan
-69.69696969696969 nan
-67.67676767676767 nan
-65.65656565656565 nan
-63.63636363636363 nan
-61.61616161616161 nan
-59.59595959595959 nan
-57.57575757575757 nan
-55.55555555555555 nan
-53.53535353535353 nan
-51.515151515151516 nan
-49.494949494949495 nan
-47.474747474747474 nan
-45.45454545454545 -145982.1771006593
-43.43434343434343 -100234.38964241462
-41.41414141414141 nan
-39.39393939393939 nan
-37.37373737373737 nan
-35.35353535353535 nan
-33.33333333333333 nan
-31.313131313131308 nan
-29.292929292929287 -163001.01959701462
-27.272727272727266 nan
-25.252525252525245 -33945.14692158875
-23.232323232323225 -127729.952802106
-21.212121212121204 -76744.58641207495
-19.191919191919183 -128506.27505945663
-17.171717171717162 -119620.39399765735
-15.151515151515142 -145961.63611273133
-13.13131313131312 -118502.72912622994
-11.1111111111111 -131557.4630647468
-9.09090909090908 -121072.22143034292
-7.0707070707070585 -108440.61775488578
-5.050505050505038 -99398.20542753019
-3.030303030303031 -87558.71348704981
-1.0101010101010104 -83208.20145094677
1.0101010101010104 -75783.66920052834
3.030303030303031 -68395.17385744877
5.050505050505052 -64324.2153508578
7.070707070707073 -68231.69802115143
9.090909090909093 -73682.44718567273
11.111111111111114 -79941.67558640194
13.131313131313135 -76624.39956414372
15.151515151515156 -74355.20619815434
17.171717171717177 -79687.03446719892
19.191919191919197 -87345.96813900767
21.212121212121218 -75364.93898577243
23.23232323232324 -73688.96844827924
25.25252525252526 -86890.16229866649
27.27272727272728 -73938.8696523985
29.2929292929293 -96190.30957253066
31.313131313131322 -91099.31502578025
33.33333333333334 -87408.3390971532
35.353535353535364 -72695.97762288054
37.373737373737384 -80058.02841595018
39.393939393939405 -57347.89957709566
41.414141414141426 -47074.62949612077
43.43434343434345 -64284.58737010879
45.45454545454547 -19266.35909702746
47.47474747474749 -82485.8757346357
49.49494949494951 -121604.51059286378
51.51515151515153 -106769.02752244573
53.53535353535355 -149304.30864027602
55.55555555555557 -94394.06232256578
57.57575757575759 -59945.86579960295
59.59595959595961 -72682.56318148962
61.616161616161634 -58945.748004035995
63.636363636363654 -57777.93077631891
65.65656565656568 -87817.65767699206
67.6767676767677 nan
69.69696969696972 nan
71.71717171717174 nan
73.73737373737376 nan
75.75757575757578 nan
77.7777777777778 nan
79.79797979797982 -89443.83234480943
81.81818181818184 -102559.5559685338
83.83838383838386 nan
85.85858585858588 nan
87.8787878787879 nan
89.89898989898992 nan
91.91919191919195 nan
93.93939393939394 nan
95.95959595959596 -155081.0341659799
97.97979797979798 nan
100.0 nan

-100.0 nan
-97.97979797979798 nan
-95.95959595959596 -95758.34091755621
-93.93939393939394 nan
-91.91919191919192 nan
-89.8989898989899 nan
-87.87878787878788 nan
-85.85858585858585 nan
-83.83838383838383 nan
-81.81818181818181 nan
-79.79797979797979 nan
-77.77777777777777 nan
-75.75757575757575 nan
-73.73737373737373 nan
-71.71717171717171 nan
-69.69696969696969 nan
-67.67676767676767 nan
-65.65656565656565 nan
-63.63636363636363 nan
-61.61616161616161 nan
-59.59595959595959 nan
-57.57575757575757 nan
-55.55555555555555 -70515.79969409466
-53.53535353535353 nan
-51.515151515151516 nan
-49.494949494949495 nan
-47.474747474747474 nan
-45.45454545454545 nan
-43.43434343434343 nan
-41.41414141414141 -76792.86300749888
-39.39393939393939 nan
-37.37373737373737 nan
-35.35353535353535 -160058.3523947425
-33.33333333333333 nan
-31.313131313131308 -128509.37829365066
-29.292929292929287 -71909.95812898313
-27.272727272727266 -64090.174662362035
-25.252525252525245 -70991.4638308168
-23.232323232323225 -101480.4371519805
-21.212121212121204 -99479.68482480643
-19.191919191919183 -104995.55047240625
-17.171717171717162 -95967.92545853868
-15.151515151515142 -125684.99758251588
-13.13131313131312 -108784.96874016417
-11.1111111111111 -127755.40547796314
-9.09090909090908 -116503.35344130843
-7.0707070707070585 -108559.79200716483
-5.050505050505038 -97424.13446097745
-3.030303030303031 -87139.4995075783
-1.0101010101010104 -78065.12678159206
1.0101010101010104 -73408.34325736572
3.030303030303031 -64668.32786766706
5.050505050505052 -64169.545851562616
7.070707070707073 -63524.552972247446
9.090909090909093 -61772.935865979576
11.111111111111114 -61179.111695653264
13.131313131313135 -59233.37791567743
15.151515151515156 -63939.58064015836
17.171717171717177 -65073.18676561243
19.191919191919197 -64185.26953919432
21.212121212121218 -62860.147906831815
23.23232323232324 -66319.19357327618
25.25252525252526 -70053.918518717
27.27272727272728 -67483.40992107356
29.2929292929293 -67668.43323349784
31.313131313131322 -67087.73501268924
33.33333333333334 -70255.36459614163
35.353535353535364 -64846.139593558066
37.373737373737384 -60883.262715614306
39.393939393939405 -98341.90653431111
41.414141414141426 -60579.8971321668
43.43434343434345 -22912.255625612288
45.45454545454547 -36891.5690973013
47.47474747474749 -76131.58236020934
49.49494949494951 -72003.8386124164
51.51515151515153 -81215.34935481027
53.53535353535355 -68876.69269683294
55.55555555555557 -51215.512289814986
57.57575757575759 -45795.56201500025
59.59595959595961 -91014.9942971107
61.616161616161634 -52564.27460960658
63.636363636363654 -59413.961564239595
65.65656565656568 nan
67.6767676767677 nan
69.69696969696972 -63283.53295223355
71.71717171717174 nan
73.73737373737376 nan
75.75757575757578 -56259.74970668295
77.7777777777778 -31299.210350160658
79.79797979797982 nan
81.81818181818184 nan
83.83838383838386 nan
85.85858585858588 -77510.17943064448
87.8787878787879 nan
89.89898989898992 nan
91.91919191919195 nan
93.93939393939394 nan
95.95959595959596 nan
97.97979797979798 -80998.05628679918
100.0 nan

-100.0 -76099.62057564076
-97.97979797979798 -62096.88888988306
-95.95959595959596 nan
-93.93939393939394 nan
-91.91919191919192 nan
-89.8989898989899 nan
-87.87878787878788 nan
-85.85858585858585 nan
-83.83838383838383 nan
-81.81818181818181 nan
-79.79797979797979 nan
-77.77777777777777 -191911.7282504419
-75.75757575757575 -48395.61818684195
-73.73737373737373 nan
-71.71717171717171 nan
-69.69696969696969 nan
-67.67676767676767 -53766.89017658345
-65.65656565656565 -227943.95131825743
-63.63636363636363 nan
-61.61616161616161 -69457.71125110376
-59.59595959595959 -130710.62075686848
-57.57575757575757 -53940.49885666046
-55.55555555555555 nan
-53.53535353535353 nan
-51.515151515151516 -146946.85930387836
-49.494949494949495 -76851.05234636605
-47.474747474747474 -69442.93632638354
-45.45454545454545 -72795.58253270629
-43.43434343434343 -75340.79484012265
-41.41414141414141 -71632.51017546604
-39.39393939393939 -72958.73993558294
-37.37373737373737 -90069.6238488957
-35.35353535353535 -52479.646902421795
-33.33333333333333 -86407.94001883148
-31.313131313131308 -85585.00645353188
-29.292929292929287 -69492.8557062952
-27.272727272727266 -74659.01148952046
-25.252525252525245 -88040.53760836151
-23.232323232323225 -75588.63996667658
-21.212121212121204 -67534.14111737092
-19.191919191919183 -77347.17012800547
-17.171717171717162 -86612.99097797366
-15.151515151515142 -88837.11360075326
-13.13131313131312 -81788.01653164664
-11.1111111111111 -70692.77565315891
-9.09090909090908 -70235.7755901995
-7.0707070707070585 -73121.08887901256
-5.050505050505038 -70459.18702064351
-3.030303030303031 -67913.52554236393
-1.0101010101010104 -65907.28444466005
1.0101010101010104 -61329.036818886016
3.030303030303031 -59903.41246412842
5.050505050505052 -59951.77498955644
7.070707070707073 -58527.5616425298
9.090909090909093 -60877.24462684683
11.111111111111114 -59382.29839930896
13.131313131313135 -58065.64843730776
15.151515151515156 -56007.88445528986
17.171717171717177 -56570.05986362165
19.191919191919197 -55492.771080070874
21.212121212121218 -53466.90123285201
23.23232323232324 -54621.156356481115
25.25252525252526 -51541.10435110931
27.27272727272728 -51988.808346963844
29.2929292929293 -51620.90542915701
31.313131313131322 -51631.62651797216
33.33333333333334 -53574.858115047275
35.353535353535364 -51121.60907061957
37.373737373737384 -57430.87936677852
39.393939393939405 -59512.75773347722
41.414141414141426 -60712.20433154943
43.43434343434345 -52301.12491711116
45.45454545454547 -55880.47219829705
47.47474747474749 -54089.6023637597
49.49494949494951 -51067.18024070287
51.51515151515153 -57127.90899699544
53.53535353535355 -60766.23363912724
55.55555555555557 -45350.12463070103
57.57575757575759 -47608.34732085579
59.59595959595961 -55797.04014783961
61.616161616161634 -58225.5294615695
63.636363636363654 -68790.97505089226
65.65656565656568 -42016.788233307
67.6767676767677 -60954.44443495827
69.69696969696972 -47124.73392686335
71.71717171717174 -91075.27557720349
73.73737373737376 -62417.253479150895
75.75757575757578 -42612.21199489082
77.7777777777778 -56738.616370956704
79.79797979797982 -41524.74680504901
81.81818181818184 -64991.35699448539
83.83838383838386 -79395.2056776641
85.85858585858588 -54162.28383166257
87.8787878787879 -69392.07619392421
89.89898989898992 -55154.384085506535
91.91919191919195 -77065.01081287493
93.93939393939394 -32930.88869991002
95.95959595959596 nan
97.97979797979798 -113042.15206421848
100.0 -41315.84440262735

