s_d_bin lambda_cond_mean
-15.0 99664.54132170192
-14.696969696969697 91137.08853340287
-14.393939393939394 93666.88186157693
-14.09090909090909 96451.28602237771
-13.787878787878787 100279.02559434129
-13.484848484848484 95629.82202994208
-13.181818181818182 94342.90825332707
-12.878787878787879 94813.00773561331
-12.575757575757576 98780.68175508975
-12.272727272727273 97781.3637942033
-11.969696969696969 90460.93079392277
-11.666666666666666 89925.76397025892
-11.363636363636363 90050.83216575129
-11.06060606060606 89970.88892467156
-10.757575757575758 93850.71002839715
-10.454545454545453 91340.92924075204
-10.151515151515152 91675.43650880788
-9.848484848484848 88099.51398996949
-9.545454545454545 87908.60676565104
-9.242424242424242 76891.73409851364
-8.93939393939394 78627.88278722977
-8.636363636363637 74086.17094684199
-8.333333333333332 76605.37440485104
-8.030303030303031 75386.49006139697
-7.727272727272727 76801.5108371303
-7.424242424242424 74466.81845952636
-7.121212121212121 74810.88702363329
-6.818181818181818 74161.17695308034
-6.515151515151516 75797.9804689511
-6.212121212121211 77724.69225227313
-5.909090909090908 79028.2734838897
-5.6060606060606055 80104.88994997868
-5.303030303030303 79392.00630967974
-5.0 81080.52120187866
-4.696969696969697 82314.18807823256
-4.3939393939393945 81859.98094247286
-4.09090909090909 83410.06778462348
-3.787878787878787 83027.38386421079
-3.4848484848484844 86382.35670903193
-3.1818181818181817 84677.47635242248
-2.878787878787879 85521.28822506746
-2.575757575757576 85246.13053638088
-2.2727272727272716 86603.49730845036
-1.9696969696969688 88292.0583367755
-1.666666666666666 90578.84813183795
-1.3636363636363633 88619.0582135836
-1.0606060606060606 88881.91552466818
-0.7575757575757578 88804.77471276431
-0.45454545454545325 85834.44027823715
-0.1515151515151505 88015.27339286558
0.15151515151515227 87558.94406388652
0.45454545454545503 88614.70015794065
0.7575757575757578 89802.30574175857
1.0606060606060623 87600.1692073541
1.3636363636363633 87139.64011166002
1.6666666666666679 85723.74322475295
1.9696969696969688 86994.71769025992
2.2727272727272734 87819.34652062447
2.575757575757578 86575.69953108004
2.878787878787879 85628.82075959817
3.1818181818181834 86052.54919647447
3.4848484848484844 88507.37420282852
3.787878787878789 87742.37100513016
4.09090909090909 86974.42415477526
4.3939393939393945 87825.75644250597
4.696969696969699 87628.86534347566
5.0 88064.7919958829
5.3030303030303045 89564.88322811516
5.6060606060606055 88761.95519032581
5.90909090909091 90122.71086239538
6.212121212121211 91774.31771369059
6.515151515151516 90988.62892748092
6.81818181818182 91039.94415941196
7.121212121212121 91878.59927962735
7.424242424242426 90781.92246380629
7.727272727272727 91873.17793246497
8.030303030303031 93625.20087598274
8.333333333333336 92635.8587231547
8.636363636363637 93620.52436636236
8.939393939393941 94507.7875247172
9.242424242424242 94258.85297500214
9.545454545454547 97177.96857059677
9.848484848484848 97562.29456897736
10.151515151515152 98819.93558920774
10.454545454545457 101150.94690330408
10.757575757575758 97636.23786512631
11.060606060606062 102007.06102991362
11.363636363636363 103075.09419735041
11.666666666666668 100644.15311262773
11.969696969696969 102053.02897137399
12.272727272727273 106288.62399394646
12.575757575757578 103719.15174730874
12.878787878787879 105763.67951024028
13.181818181818183 105834.76005092706
13.484848484848484 104250.93783136384
13.787878787878789 102286.85097326059
14.090909090909093 103554.6471366737
14.393939393939394 105734.20325236258
14.696969696969699 107959.77198355173
15.0 108902.48459561732

-15.0 85809.12056243228
-14.696969696969697 75854.26806233634
-14.393939393939394 71831.55583346495
-14.09090909090909 65830.52107846268
-13.787878787878787 65793.92541427816
-13.484848484848484 62948.06217316594
-13.181818181818182 59852.56392945134
-12.878787878787879 58228.746624970234
-12.575757575757576 56657.08283850376
-12.272727272727273 57536.33614149981
-11.969696969696969 56052.378958788446
-11.666666666666666 54643.18928981349
-11.363636363636363 52896.55285070629
-11.06060606060606 53794.06740844112
-10.757575757575758 52108.09705662239
-10.454545454545453 55457.29489832658
-10.151515151515152 55783.827884097926
-9.848484848484848 60102.00870188299
-9.545454545454545 58257.42511689184
-9.242424242424242 57860.92839947769
-8.93939393939394 61065.69532006432
-8.636363636363637 59901.43589409559
-8.333333333333332 63585.05866628757
-8.030303030303031 64574.66815709106
-7.727272727272727 67387.8220219907
-7.424242424242424 70521.00100912224
-7.121212121212121 70225.90737345214
-6.818181818181818 70329.33557749183
-6.515151515151516 70284.4931111718
-6.212121212121211 71509.13963653639
-5.909090909090908 75852.78732905231
-5.6060606060606055 76040.98558011936
-5.303030303030303 74158.98798035688
-5.0 74424.66801864713
-4.696969696969697 81172.168084783
-4.3939393939393945 81715.55222102572
-4.09090909090909 83755.7765999986
-3.787878787878787 84643.3710255868
-3.4848484848484844 86030.16537072434
-3.1818181818181817 87600.70333557337
-2.878787878787879 88592.49317325499
-2.575757575757576 88463.45952062635
-2.2727272727272716 88218.71079364914
-1.9696969696969688 89300.64617595465
-1.666666666666666 90402.53333636868
-1.3636363636363633 93368.02368880753
-1.0606060606060606 90487.50564384524
-0.7575757575757578 90150.29544089599
-0.45454545454545325 93419.85092050029
-0.1515151515151505 91752.95271931315
0.15151515151515227 92863.52734638123
0.45454545454545503 94186.40996014237
0.7575757575757578 93385.98094755816
1.0606060606060623 96643.28688538735
1.3636363636363633 93458.54740582775
1.6666666666666679 93899.41094797167
1.9696969696969688 98076.9460517739
2.2727272727272734 96777.02050401465
2.575757575757578 97793.95864882281
2.878787878787879 100068.8562811602
3.1818181818181834 98035.43711706878
3.4848484848484844 102576.53768620924
3.787878787878789 103650.67732632054
4.09090909090909 102485.28278274083
4.3939393939393945 106648.35794292306
4.696969696969699 104432.65379728605
5.0 105674.91891953537
5.3030303030303045 109513.43913727079
5.6060606060606055 106262.35440637442
5.90909090909091 109389.02659604698
6.212121212121211 111905.60999210426
6.515151515151516 109559.50946023893
6.81818181818182 109745.79383159472
7.121212121212121 114743.9251645597
7.424242424242426 113897.25192497684
7.727272727272727 115456.41595364451
8.030303030303031 113098.18419081782
8.333333333333336 113404.9853234275
8.636363636363637 115959.98612570592
8.939393939393941 116324.17145877396
9.242424242424242 118255.0260235534
9.545454545454547 120786.05725169205
9.848484848484848 118128.62138351792
10.151515151515152 118449.35722389864
10.454545454545457 120832.4339404342
10.757575757575758 117277.09435068282
11.060606060606062 119437.92342932393
11.363636363636363 117210.89406071905
11.666666666666668 121477.95557024438
11.969696969696969 117269.33648748658
12.272727272727273 119742.67649776106
12.575757575757578 117240.7984868629
12.878787878787879 116810.44592037283
13.181818181818183 114621.59870190511
13.484848484848484 115212.06496124565
13.787878787878789 115060.27137865753
14.090909090909093 115326.88951749897
14.393939393939394 118289.16824417868
14.696969696969699 119005.98727978353
15.0 108901.80766309206

-15.0 54916.667840162045
-14.696969696969697 57684.828052623365
-14.393939393939394 55371.9600000497
-14.09090909090909 59066.156034211395
-13.787878787878787 57194.638386883984
-13.484848484848484 57778.6409700522
-13.181818181818182 58970.06646984575
-12.878787878787879 57530.03885505843
-12.575757575757576 57546.34018600403
-12.272727272727273 58521.290052829194
-11.969696969696969 58250.08970241345
-11.666666666666666 60937.41888205787
-11.363636363636363 62637.06204424877
-11.06060606060606 62008.8720622486
-10.757575757575758 64755.64968983649
-10.454545454545453 66133.54187344745
-10.151515151515152 66569.07916389963
-9.848484848484848 63603.62087654187
-9.545454545454545 66867.83740641105
-9.242424242424242 64874.79596800799
-8.93939393939394 67620.35844930315
-8.636363636363637 68179.23831270891
-8.333333333333332 66592.2882725123
-8.030303030303031 68643.243892281
-7.727272727272727 67652.67267067553
-7.424242424242424 70050.54784779166
-7.121212121212121 72865.56543599546
-6.818181818181818 72442.45618622976
-6.515151515151516 73917.53012636917
-6.212121212121211 72542.51260501464
-5.909090909090908 77383.08633307742
-5.6060606060606055 75227.52341113174
-5.303030303030303 79048.95499952085
-5.0 82512.04985682291
-4.696969696969697 78473.33803957312
-4.3939393939393945 79411.50439951626
-4.09090909090909 83959.78618624128
-3.787878787878787 80794.10035893094
-3.4848484848484844 84709.9471113326
-3.1818181818181817 89738.84761440322
-2.878787878787879 83673.98882902865
-2.575757575757576 85121.86932779751
-2.2727272727272716 88384.53070636153
-1.9696969696969688 88149.12254746602
-1.666666666666666 92604.46448397312
-1.3636363636363633 87318.6400657993
-1.0606060606060606 90640.01265032303
-0.7575757575757578 95824.96840712235
-0.45454545454545325 91738.1771862115
-0.1515151515151505 92540.3036734485
0.15151515151515227 91884.90777376894
0.45454545454545503 99139.82471689339
0.7575757575757578 96812.02791092504
1.0606060606060623 93777.04896700746
1.3636363636363633 97151.86191823032
1.6666666666666679 95514.38270323412
1.9696969696969688 97307.66099394085
2.2727272727272734 101631.60890880584
2.575757575757578 101035.09731064913
2.878787878787879 100453.51048076006
3.1818181818181834 103660.30296038088
3.4848484848484844 106294.6389151186
3.787878787878789 104071.77077261971
4.09090909090909 105153.73598212347
4.3939393939393945 105446.27642106308
4.696969696969699 108882.53215947785
5.0 107144.46718515354
5.3030303030303045 110534.17506170859
5.6060606060606055 110062.29490848769
5.90909090909091 113972.32229599786
6.212121212121211 112967.31721801005
6.515151515151516 109592.080937252
6.81818181818182 116447.68988353465
7.121212121212121 114965.54381523622
7.424242424242426 113284.41101425704
7.727272727272727 112457.34949028316
8.030303030303031 115394.26804447232
8.333333333333336 119756.28179126716
8.636363636363637 120537.92920645405
8.939393939393941 118391.58974124995
9.242424242424242 119176.65700691959
9.545454545454547 115821.3671720038
9.848484848484848 121500.37169221722
10.151515151515152 122571.47131067455
10.454545454545457 121838.04914079164
10.757575757575758 126410.59978049861
11.060606060606062 126792.29401726928
11.363636363636363 135776.37698575127
11.666666666666668 128143.11339292923
11.969696969696969 126264.50910936746
12.272727272727273 127588.97332706701
12.575757575757578 131060.25160303635
12.878787878787879 126556.20238659109
13.181818181818183 130114.2005110303
13.484848484848484 128836.49813993888
13.787878787878789 129691.13152205567
14.090909090909093 126113.67267753188
14.393939393939394 129753.77779102075
14.696969696969699 134280.88241039534
15.0 133814.03161737346

-15.0 67031.64477986605
-14.696969696969697 67454.48683806809
-14.393939393939394 68715.60544599214
-14.09090909090909 71535.09781467925
-13.787878787878787 73211.95503353537
-13.484848484848484 73610.37030928573
-13.181818181818182 74130.54805499231
-12.878787878787879 76236.49366580957
-12.575757575757576 75984.94325192749
-12.272727272727273 76709.7222121714
-11.969696969696969 77879.05829135704
-11.666666666666666 77950.91833700355
-11.363636363636363 78142.5617085932
-11.06060606060606 76598.22566609082
-10.757575757575758 77050.12998114288
-10.454545454545453 78288.86263125867
-10.151515151515152 79683.2661358022
-9.848484848484848 80269.65419628097
-9.545454545454545 80884.77901157697
-9.242424242424242 79981.35667640703
-8.93939393939394 83513.67440924651
-8.636363636363637 81752.1366544595
-8.333333333333332 82772.4942924304
-8.030303030303031 81647.50543415124
-7.727272727272727 85861.05577958676
-7.424242424242424 85844.90409292158
-7.121212121212121 85385.96210261586
-6.818181818181818 89252.8098894339
-6.515151515151516 86265.1881292287
-6.212121212121211 89071.30834875698
-5.909090909090908 86751.51059458985
-5.6060606060606055 84248.34877394764
-5.303030303030303 86989.69580369182
-5.0 91711.84318076138
-4.696969696969697 91419.52274917938
-4.3939393939393945 87682.85106445587
-4.09090909090909 92808.43425377493
-3.787878787878787 91466.4547843903
-3.4848484848484844 87151.49451148442
-3.1818181818181817 91220.95484501353
-2.878787878787879 89981.6543051313
-2.575757575757576 92956.70462964807
-2.2727272727272716 91878.04377720151
-1.9696969696969688 90386.0306393066
-1.666666666666666 95657.381045514
-1.3636363636363633 88804.17139444794
-1.0606060606060606 93841.92239321502
-0.7575757575757578 92396.28756454204
-0.45454545454545325 95656.83260030621
-0.1515151515151505 95842.67934661175
0.15151515151515227 94201.10610050941
0.45454545454545503 95951.12481014454
0.7575757575757578 98537.9103021874
1.0606060606060623 95162.80054653645
1.3636363636363633 97915.4096515124
1.6666666666666679 95594.05807085782
1.9696969696969688 97621.42001286797
2.2727272727272734 96293.8729008164
2.575757575757578 101522.387859526
2.878787878787879 103375.62822427454
3.1818181818181834 100221.61252794557
3.4848484848484844 103772.33728175511
3.787878787878789 106466.49137962749
4.09090909090909 107540.86136671208
4.3939393939393945 109441.23739984728
4.696969696969699 105162.90351782438
5.0 104794.80394358374
5.3030303030303045 106186.93317352206
5.6060606060606055 110902.80136976457
5.90909090909091 107377.09039047861
6.212121212121211 113232.71502017298
6.515151515151516 112985.23317977904
6.81818181818182 109765.85782595338
7.121212121212121 114954.4289825741
7.424242424242426 110598.50576090731
7.727272727272727 114852.87790279822
8.030303030303031 113657.0829910876
8.333333333333336 113569.2566949643
8.636363636363637 118954.11235321892
8.939393939393941 115692.56842602293
9.242424242424242 120964.48985863698
9.545454545454547 120884.97461658917
9.848484848484848 119030.04330090631
10.151515151515152 111426.30628496168
10.454545454545457 117424.67226890361
10.757575757575758 122488.47765442227
11.060606060606062 118905.294361801
11.363636363636363 117684.17920300842
11.666666666666668 122144.47402330519
11.969696969696969 122807.94275603228
12.272727272727273 124424.85500936152
12.575757575757578 122560.15959583734
12.878787878787879 121635.90417218089
13.181818181818183 119537.65519607114
13.484848484848484 124563.57690939862
13.787878787878789 125367.43523588673
14.090909090909093 124666.02171199964
14.393939393939394 126575.19620076923
14.696969696969699 127126.9685178855
15.0 121779.83337404949

-15.0 38892.13286284814
-14.696969696969697 39172.41617721711
-14.393939393939394 39307.29519545484
-14.09090909090909 39651.93102868084
-13.787878787878787 40042.250270036995
-13.484848484848484 40096.254436100106
-13.181818181818182 40682.936487350096
-12.878787878787879 40910.81153824638
-12.575757575757576 41490.82248517528
-12.272727272727273 41397.203774254274
-11.969696969696969 41661.74745888748
-11.666666666666666 41408.14471504127
-11.363636363636363 42088.341823438896
-11.06060606060606 42845.22348015978
-10.757575757575758 42475.32302252473
-10.454545454545453 42926.02253005083
-10.151515151515152 43275.83114434305
-9.848484848484848 43532.78324596055
-9.545454545454545 43927.733292319754
-9.242424242424242 44113.513600375
-8.93939393939394 44033.59904903369
-8.636363636363637 44512.53428265665
-8.333333333333332 44825.279609159435
-8.030303030303031 45570.63478692161
-7.727272727272727 45837.54306561083
-7.424242424242424 45877.72589626473
-7.121212121212121 46317.24053444161
-6.818181818181818 47205.96573041282
-6.515151515151516 47059.04989613796
-6.212121212121211 47947.02212090901
-5.909090909090908 47870.683837209785
-5.6060606060606055 48875.388211143036
-5.303030303030303 47797.15085946554
-5.0 49230.784301787426
-4.696969696969697 48968.18909972934
-4.3939393939393945 48180.67035469824
-4.09090909090909 48493.0326024666
-3.787878787878787 49647.561049172444
-3.4848484848484844 49480.368313099425
-3.1818181818181817 49150.02139726758
-2.878787878787879 50074.96701327487
-2.575757575757576 49844.511371855886
-2.2727272727272716 50675.05377494733
-1.9696969696969688 51264.67665574938
-1.666666666666666 51306.3872638579
-1.3636363636363633 51826.701205582875
-1.0606060606060606 52055.652804633166
-0.7575757575757578 53011.50652907695
-0.45454545454545325 52428.437544407076
-0.1515151515151505 52517.82088738806
0.15151515151515227 54032.224928036034
0.45454545454545503 54008.6956845504
0.7575757575757578 53942.00518477522
1.0606060606060623 53688.223019169025
1.3636363636363633 54739.88204435525
1.6666666666666679 54168.14535588719
1.9696969696969688 54594.33733840551
2.2727272727272734 55368.79798597797
2.575757575757578 55070.29187232634
2.878787878787879 55901.364046240844
3.1818181818181834 55474.514360009816
3.4848484848484844 56730.570055230295
3.787878787878789 57046.03442231829
4.09090909090909 58106.968437074545
4.3939393939393945 57139.201796726426
4.696969696969699 57553.05220655227
5.0 58387.54408905253
5.3030303030303045 57074.54940590154
5.6060606060606055 58350.85401604836
5.90909090909091 58698.57313438889
6.212121212121211 59414.26799830085
6.515151515151516 58766.575720914036
6.81818181818182 59750.7467588467
7.121212121212121 59058.220609563876
7.424242424242426 60114.412733696474
7.727272727272727 60124.12310423175
8.030303030303031 60998.056321444885
8.333333333333336 61071.00119567243
8.636363636363637 60944.663267939955
8.939393939393941 61716.17365971682
9.242424242424242 62154.78032169126
9.545454545454547 61083.17984670998
9.848484848484848 61587.97182444886
10.151515151515152 61895.66893769474
10.454545454545457 61976.75454683251
10.757575757575758 61671.947705708844
11.060606060606062 62435.60331084017
11.363636363636363 62078.081562681706
11.666666666666668 63210.98071707091
11.969696969696969 62404.46352975919
12.272727272727273 62298.222167519045
12.575757575757578 61751.55106558026
12.878787878787879 60827.08494016424
13.181818181818183 61512.011042608836
13.484848484848484 60658.531567172766
13.787878787878789 61369.29451500453
14.090909090909093 60816.453773526504
14.393939393939394 59550.80148993762
14.696969696969699 59006.72338269374
15.0 60901.105729944924

