lambda_bin lambda_pdf
-989898.9898989899 0.0
-969696.9696969697 0.0
-949494.9494949495 0.0
-929292.9292929294 0.0
-909090.9090909091 0.0
-888888.8888888889 0.0
-868686.8686868687 0.0
-848484.8484848485 0.0
-828282.8282828282 0.0
-808080.808080808 0.0
-787878.7878787878 0.0
-767676.7676767677 0.0
-747474.7474747475 0.0
-727272.7272727273 0.0
-707070.7070707071 0.0
-686868.6868686869 0.0
-666666.6666666667 0.0
-646464.6464646466 0.0
-626262.6262626263 0.0
-606060.6060606061 0.0
-585858.5858585858 0.0
-565656.5656565656 0.0
-545454.5454545454 0.0
-525252.5252525252 0.0
-505050.50505050505 0.0
-484848.48484848486 0.0
-464646.4646464647 0.0
-444444.4444444445 0.0
-424242.42424242425 0.0
-404040.404040404 0.0
-383838.38383838383 0.0
-363636.36363636365 0.0
-343434.34343434346 0.0
-323232.3232323233 0.0
-303030.3030303031 0.0
-282828.28282828286 0.0
-262626.2626262626 0.0
-242424.24242424243 0.0
-222222.22222222225 0.0
-202020.20202020206 0.0
-181818.18181818188 0.0
-161616.16161616164 0.0
-141414.1414141414 0.0
-121212.12121212122 0.0
-101010.10101010103 0.0
-80808.08080808085 0.0
-60606.060606060666 0.0
-40404.040404040425 0.0
-20202.020202020183 0.0
0.0 4.173357567629572e-08
20202.020202020183 5.683627732975707e-06
40404.04040404037 1.5741613580617284e-05
60606.06060606055 1.2817545748116265e-05
80808.08080808073 7.075685118848054e-06
101010.10101010092 3.80425805996224e-06
121212.1212121211 2.0024351938449613e-06
141414.14141414128 1.0501332298081853e-06
161616.16161616158 6.474527519455013e-07
181818.18181818188 3.70943549383261e-07
202020.20202020206 1.4412641832395152e-07
222222.22222222225 6.813248866223161e-08
242424.24242424243 3.163987365226141e-08
262626.2626262626 1.5043498208897295e-08
282828.2828282828 5.435070320633862e-09
303030.303030303 1.9410965430835218e-10
323232.32323232316 0.0
343434.34343434335 0.0
363636.36363636353 0.0
383838.3838383837 0.0
404040.4040404039 0.0
424242.4242424242 0.0
444444.4444444445 0.0
464646.4646464647 0.0
484848.48484848486 0.0
505050.50505050505 0.0
525252.5252525252 0.0
545454.5454545454 0.0
565656.5656565656 0.0
585858.5858585858 0.0
606060.606060606 0.0
626262.6262626261 0.0
646464.6464646463 0.0
666666.6666666665 0.0
686868.6868686868 0.0
707070.7070707071 0.0
727272.7272727273 0.0
747474.7474747475 0.0
767676.7676767677 0.0
787878.7878787878 0.0
808080.808080808 0.0
828282.8282828282 0.0
848484.8484848484 0.0
868686.8686868686 0.0
888888.8888888888 0.0
909090.909090909 0.0
929292.9292929292 0.0
949494.9494949495 0.0
969696.9696969697 0.0
989898.9898989899 0.0

-989898.9898989899 0.0
-969696.9696969697 0.0
-949494.9494949495 0.0
-929292.9292929294 0.0
-909090.9090909091 0.0
-888888.8888888889 0.0
-868686.8686868687 0.0
-848484.8484848485 0.0
-828282.8282828282 0.0
-808080.808080808 0.0
-787878.7878787878 0.0
-767676.7676767677 0.0
-747474.7474747475 0.0
-727272.7272727273 0.0
-707070.7070707071 0.0
-686868.6868686869 0.0
-666666.6666666667 0.0
-646464.6464646466 0.0
-626262.6262626263 0.0
-606060.6060606061 0.0
-585858.5858585858 0.0
-565656.5656565656 0.0
-545454.5454545454 0.0
-525252.5252525252 0.0
-505050.50505050505 0.0
-484848.48484848486 0.0
-464646.4646464647 0.0
-444444.4444444445 0.0
-424242.42424242425 0.0
-404040.404040404 0.0
-383838.38383838383 0.0
-363636.36363636365 0.0
-343434.34343434346 0.0
-323232.3232323233 0.0
-303030.3030303031 0.0
-282828.28282828286 0.0
-262626.2626262626 0.0
-242424.24242424243 0.0
-222222.22222222225 0.0
-202020.20202020206 0.0
-181818.18181818188 0.0
-161616.16161616164 0.0
-141414.1414141414 0.0
-121212.12121212122 0.0
-101010.10101010103 0.0
-80808.08080808085 0.0
-60606.060606060666 0.0
-40404.040404040425 0.0
-20202.020202020183 0.0
0.0 3.152537662548203e-08
20202.020202020183 3.3735974247038557e-06
40404.04040404037 1.2416412881112576e-05
60606.06060606055 1.3373446890306755e-05
80808.08080808073 9.253366759689213e-06
101010.10101010092 5.517323035236634e-06
121212.1212121211 2.9557428872497394e-06
141414.14141414128 1.5523859701941909e-06
161616.16161616158 6.794196320012897e-07
181818.18181818188 2.374911705786313e-07
202020.20202020206 7.107539457381403e-08
222222.22222222225 2.4647112634467768e-08
242424.24242424243 7.069326879653546e-09
262626.2626262626 4.394446438703555e-09
282828.2828282828 1.7195659977535653e-09
303030.303030303 3.8212577727857e-10
323232.32323232316 0.0
343434.34343434335 0.0
363636.36363636353 0.0
383838.3838383837 0.0
404040.4040404039 0.0
424242.4242424242 0.0
444444.4444444445 0.0
464646.4646464647 0.0
484848.48484848486 0.0
505050.50505050505 0.0
525252.5252525252 0.0
545454.5454545454 0.0
565656.5656565656 0.0
585858.5858585858 0.0
606060.606060606 0.0
626262.6262626261 0.0
646464.6464646463 0.0
666666.6666666665 0.0
686868.6868686868 0.0
707070.7070707071 0.0
727272.7272727273 0.0
747474.7474747475 0.0
767676.7676767677 0.0
787878.7878787878 0.0
808080.808080808 0.0
828282.8282828282 0.0
848484.8484848484 0.0
868686.8686868686 0.0
888888.8888888888 0.0
909090.909090909 0.0
929292.9292929292 0.0
949494.9494949495 0.0
969696.9696969697 0.0
989898.9898989899 0.0

-989898.9898989899 0.0
-969696.9696969697 0.0
-949494.9494949495 0.0
-929292.9292929294 0.0
-909090.9090909091 0.0
-888888.8888888889 0.0
-868686.8686868687 0.0
-848484.8484848485 0.0
-828282.8282828282 0.0
-808080.808080808 0.0
-787878.7878787878 0.0
-767676.7676767677 0.0
-747474.7474747475 0.0
-727272.7272727273 0.0
-707070.7070707071 0.0
-686868.6868686869 0.0
-666666.6666666667 0.0
-646464.6464646466 0.0
-626262.6262626263 0.0
-606060.6060606061 0.0
-585858.5858585858 0.0
-565656.5656565656 0.0
-545454.5454545454 0.0
-525252.5252525252 0.0
-505050.50505050505 0.0
-484848.48484848486 0.0
-464646.4646464647 0.0
-444444.4444444445 0.0
-424242.42424242425 0.0
-404040.404040404 0.0
-383838.38383838383 0.0
-363636.36363636365 0.0
-343434.34343434346 0.0
-323232.3232323233 0.0
-303030.3030303031 0.0
-282828.28282828286 0.0
-262626.2626262626 0.0
-242424.24242424243 0.0
-222222.22222222225 0.0
-202020.20202020206 0.0
-181818.18181818188 0.0
-161616.16161616164 0.0
-141414.1414141414 0.0
-121212.12121212122 0.0
-101010.10101010103 0.0
-80808.08080808085 0.0
-60606.060606060666 0.0
-40404.040404040425 0.0
-20202.020202020183 0.0
0.0 5.422311905448261e-08
20202.020202020183 3.773104641106951e-06
40404.04040404037 1.430126837705392e-05
60606.06060606055 1.4119890458345358e-05
80808.08080808073 8.783828192562705e-06
101010.10101010092 4.377486307293172e-06
121212.1212121211 2.1476794465263784e-06
141414.14141414128 1.0479965407898539e-06
161616.16161616158 5.159123666762701e-07
181818.18181818188 2.1467281637359492e-07
202020.20202020206 8.84692995099453e-08
222222.22222222225 4.9783799365811523e-08
242424.24242424243 1.9025655808590387e-08
262626.2626262626 3.4880368982415713e-09
282828.2828282828 1.5854713173825323e-09
303030.303030303 9.512827904295194e-10
323232.32323232316 6.341885269530129e-10
343434.34343434335 0.0
363636.36363636353 0.0
383838.3838383837 0.0
404040.4040404039 0.0
424242.4242424242 0.0
444444.4444444445 0.0
464646.4646464647 0.0
484848.48484848486 0.0
505050.50505050505 0.0
525252.5252525252 0.0
545454.5454545454 0.0
565656.5656565656 0.0
585858.5858585858 0.0
606060.606060606 0.0
626262.6262626261 0.0
646464.6464646463 0.0
666666.6666666665 0.0
686868.6868686868 0.0
707070.7070707071 0.0
727272.7272727273 0.0
747474.7474747475 0.0
767676.7676767677 0.0
787878.7878787878 0.0
808080.808080808 0.0
828282.8282828282 0.0
848484.8484848484 0.0
868686.8686868686 0.0
888888.8888888888 0.0
909090.909090909 0.0
929292.9292929292 0.0
949494.9494949495 0.0
969696.9696969697 0.0
989898.9898989899 0.0

-989898.9898989899 0.0
-969696.9696969697 0.0
-949494.9494949495 0.0
-929292.9292929294 0.0
-909090.9090909091 0.0
-888888.8888888889 0.0
-868686.8686868687 0.0
-848484.8484848485 0.0
-828282.8282828282 0.0
-808080.808080808 0.0
-787878.7878787878 0.0
-767676.7676767677 0.0
-747474.7474747475 0.0
-727272.7272727273 0.0
-707070.7070707071 0.0
-686868.6868686869 0.0
-666666.6666666667 0.0
-646464.6464646466 0.0
-626262.6262626263 0.0
-606060.6060606061 0.0
-585858.5858585858 0.0
-565656.5656565656 0.0
-545454.5454545454 0.0
-525252.5252525252 0.0
-505050.50505050505 0.0
-484848.48484848486 0.0
-464646.4646464647 0.0
-444444.4444444445 0.0
-424242.42424242425 0.0
-404040.404040404 0.0
-383838.38383838383 0.0
-363636.36363636365 0.0
-343434.34343434346 0.0
-323232.3232323233 0.0
-303030.3030303031 0.0
-282828.28282828286 0.0
-262626.2626262626 0.0
-242424.24242424243 0.0
-222222.22222222225 0.0
-202020.20202020206 0.0
-181818.18181818188 0.0
-161616.16161616164 0.0
-141414.1414141414 0.0
-121212.12121212122 0.0
-101010.10101010103 0.0
-80808.08080808085 0.0
-60606.060606060666 0.0
-40404.040404040425 0.0
-20202.020202020183 0.0
0.0 2.990276000493673e-08
20202.020202020183 4.117899434228222e-06
40404.04040404037 1.4931766364185556e-05
60606.06060606055 1.4841093479009295e-05
80808.08080808073 9.01423523374625e-06
101010.10101010092 3.936875198929519e-06
121212.1212121211 1.5391883026197e-06
141414.14141414128 6.340671261261852e-07
161616.16161616158 2.649448843448127e-07
181818.18181818188 1.3182937206477481e-07
202020.20202020206 4.405030237286378e-08
222222.22222222225 1.0289121722128767e-08
242424.24242424243 3.2153505381652394e-09
262626.2626262626 6.430701076330479e-10
282828.2828282828 0.0
303030.303030303 0.0
323232.32323232316 0.0
343434.34343434335 0.0
363636.36363636353 0.0
383838.3838383837 0.0
404040.4040404039 0.0
424242.4242424242 0.0
444444.4444444445 0.0
464646.4646464647 0.0
484848.48484848486 0.0
505050.50505050505 0.0
525252.5252525252 0.0
545454.5454545454 0.0
565656.5656565656 0.0
585858.5858585858 0.0
606060.606060606 0.0
626262.6262626261 0.0
646464.6464646463 0.0
666666.6666666665 0.0
686868.6868686868 0.0
707070.7070707071 0.0
727272.7272727273 0.0
747474.7474747475 0.0
767676.7676767677 0.0
787878.7878787878 0.0
808080.808080808 0.0
828282.8282828282 0.0
848484.8484848484 0.0
868686.8686868686 0.0
888888.8888888888 0.0
909090.909090909 0.0
929292.9292929292 0.0
949494.9494949495 0.0
969696.9696969697 0.0
989898.9898989899 0.0

-989898.9898989899 0.0
-969696.9696969697 0.0
-949494.9494949495 0.0
-929292.9292929294 0.0
-909090.9090909091 0.0
-888888.8888888889 0.0
-868686.8686868687 0.0
-848484.8484848485 0.0
-828282.8282828282 0.0
-808080.808080808 0.0
-787878.7878787878 0.0
-767676.7676767677 0.0
-747474.7474747475 0.0
-727272.7272727273 0.0
-707070.7070707071 0.0
-686868.6868686869 0.0
-666666.6666666667 0.0
-646464.6464646466 0.0
-626262.6262626263 0.0
-606060.6060606061 0.0
-585858.5858585858 0.0
-565656.5656565656 0.0
-545454.5454545454 0.0
-525252.5252525252 0.0
-505050.50505050505 0.0
-484848.48484848486 0.0
-464646.4646464647 0.0
-444444.4444444445 0.0
-424242.42424242425 0.0
-404040.404040404 0.0
-383838.38383838383 0.0
-363636.36363636365 0.0
-343434.34343434346 0.0
-323232.3232323233 0.0
-303030.3030303031 0.0
-282828.28282828286 0.0
-262626.2626262626 0.0
-242424.24242424243 0.0
-222222.22222222225 0.0
-202020.20202020206 0.0
-181818.18181818188 0.0
-161616.16161616164 0.0
-141414.1414141414 0.0
-121212.12121212122 0.0
-101010.10101010103 0.0
-80808.08080808085 0.0
-60606.060606060666 0.0
-40404.040404040425 0.0
-20202.020202020183 0.0
0.0 1.2300569595955123e-07
20202.020202020183 8.884398267968658e-06
40404.04040404037 1.956191319994883e-05
60606.06060606055 1.2850507830965035e-05
80808.08080808073 5.4766944892048425e-06
101010.10101010092 1.7943447818376995e-06
121212.1212121211 5.788313228154394e-07
141414.14141414128 1.7135475564307427e-07
161616.16161616158 4.453543064431414e-08
181818.18181818188 1.1957989360229626e-08
202020.20202020206 2.262322311394794e-09
222222.22222222225 1.9391334097669663e-10
242424.24242424243 0.0
262626.2626262626 0.0
282828.2828282828 0.0
303030.303030303 0.0
323232.32323232316 0.0
343434.34343434335 0.0
363636.36363636353 0.0
383838.3838383837 0.0
404040.4040404039 0.0
424242.4242424242 0.0
444444.4444444445 0.0
464646.4646464647 0.0
484848.48484848486 0.0
505050.50505050505 0.0
525252.5252525252 0.0
545454.5454545454 0.0
565656.5656565656 0.0
585858.5858585858 0.0
606060.606060606 0.0
626262.6262626261 0.0
646464.6464646463 0.0
666666.6666666665 0.0
686868.6868686868 0.0
707070.7070707071 0.0
727272.7272727273 0.0
747474.7474747475 0.0
767676.7676767677 0.0
787878.7878787878 0.0
808080.808080808 0.0
828282.8282828282 0.0
848484.8484848484 0.0
868686.8686868686 0.0
888888.8888888888 0.0
909090.909090909 0.0
929292.9292929292 0.0
949494.9494949495 0.0
969696.9696969697 0.0
989898.9898989899 0.0

