lambda_bin lambda_pdf
-994974.8743718592 0.0
-984924.623115578 0.0
-974874.3718592965 0.0
-964824.1206030152 0.0
-954773.8693467337 0.0
-944723.6180904522 0.0
-934673.3668341709 0.0
-924623.1155778894 0.0
-914572.8643216081 0.0
-904522.6130653266 0.0
-894472.3618090453 0.0
-884422.1105527638 0.0
-874371.8592964825 0.0
-864321.608040201 0.0
-854271.3567839195 0.0
-844221.1055276382 0.0
-834170.8542713567 0.0
-824120.6030150754 0.0
-814070.3517587939 0.0
-804020.1005025127 0.0
-793969.8492462311 0.0
-783919.5979899499 0.0
-773869.3467336684 0.0
-763819.095477387 0.0
-753768.8442211056 0.0
-743718.592964824 0.0
-733668.3417085428 0.0
-723618.0904522613 0.0
-713567.83919598 0.0
-703517.5879396985 0.0
-693467.3366834171 0.0
-683417.0854271357 0.0
-673366.8341708543 0.0
-663316.5829145729 0.0
-653266.3316582914 0.0
-643216.0804020101 0.0
-633165.8291457286 0.0
-623115.5778894473 0.0
-613065.3266331658 0.0
-603015.0753768844 0.0
-592964.824120603 0.0
-582914.5728643216 0.0
-572864.3216080402 0.0
-562814.0703517587 0.0
-552763.8190954775 0.0
-542713.567839196 0.0
-532663.3165829147 0.0
-522613.0653266332 0.0
-512562.8140703518 0.0
-502512.5628140704 0.0
-492462.311557789 0.0
-482412.0603015076 0.0
-472361.8090452262 0.0
-462311.55778894474 0.0
-452261.30653266335 0.0
-442211.05527638196 0.0
-432160.80402010056 0.0
-422110.55276381917 0.0
-412060.3015075378 0.0
-402010.0502512563 0.0
-391959.7989949749 0.0
-381909.5477386935 0.0
-371859.2964824121 0.0
-361809.0452261307 0.0
-351758.7939698493 0.0
-341708.5427135679 0.0
-331658.2914572865 0.0
-321608.0402010051 0.0
-311557.78894472367 0.0
-301507.5376884422 0.0
-291457.2864321608 0.0
-281407.0351758794 0.0
-271356.78391959803 0.0
-261306.53266331664 0.0
-251256.28140703525 0.0
-241206.03015075385 0.0
-231155.77889447246 0.0
-221105.527638191 0.0
-211055.27638190956 0.0
-201005.02512562816 0.0
-190954.77386934677 0.0
-180904.52261306538 0.0
-170854.27135678398 0.0
-160804.0201005026 0.0
-150753.7688442212 0.0
-140703.5175879398 0.0
-130653.26633165835 0.0
-120603.0150753769 0.0
-110552.7638190955 5.085521087023751e-10
-100502.51256281411 1.5256563261071252e-09
-90452.26130653272 2.0342084348095002e-09
-80402.01005025132 4.322692923970188e-09
-70351.75879396993 9.916766119696312e-09
-60301.507537688536 2.568188148946994e-08
-50251.25628140714 1.0705021888184995e-07
-40201.00502512575 3.5140950711334117e-07
-30150.753768844297 9.893881274804591e-07
-20100.502512562845 3.2389683803254266e-06
-10050.251256281452 9.152158024262292e-06
-5.820766091346741e-11 1.825803780663267e-05
10050.251256281335 2.1719752010569735e-05
20100.50251256273 1.7559795761384307e-05
30150.753768844123 1.158863117705537e-05
40201.005025125516 7.261869836215564e-06
50251.25628140691 4.24819004004529e-06
60301.50753768836 2.525215495761614e-06
70351.75879396976 1.296299325082369e-06
80402.01005025115 6.6544043423705e-07
90452.26130653254 2.8173786822111904e-07
100502.51256281394 1.304436158821577e-07
110552.76381909545 5.466935168550468e-08
120603.01507537684 1.754504775023214e-08
130653.26633165823 6.611177413130799e-09
140703.51758793963 1.779932380458333e-09
150753.76884422102 5.085521087023692e-10
160804.0201005024 0.0
170854.2713567838 5.085521087023692e-10
180904.5226130652 0.0
190954.7738693466 0.0
201005.0251256281 0.0
211055.2763819095 0.0
221105.5276381909 0.0
231155.77889447229 0.0
241206.03015075368 0.0
251256.28140703507 0.0
261306.53266331647 0.0
271356.78391959786 0.0
281407.03517587925 0.0
291457.28643216076 0.0
301507.53768844216 0.0
311557.78894472355 0.0
321608.04020100494 0.0
331658.29145728634 0.0
341708.54271356773 0.0
351758.7939698491 0.0
361809.0452261305 0.0
371859.2964824119 0.0
381909.5477386934 0.0
391959.7989949748 0.0
402010.0502512562 0.0
412060.3015075376 0.0
422110.552763819 0.0
432160.8040201004 0.0
442211.0552763818 0.0
452261.3065326632 0.0
462311.55778894457 0.0
472361.8090452261 0.0
482412.0603015075 0.0
492462.31155778887 0.0
502512.56281407026 0.0
512562.81407035165 0.0
522613.06532663305 0.0
532663.3165829144 0.0
542713.5678391958 0.0
552763.8190954772 0.0
562814.0703517587 0.0
572864.3216080401 0.0
582914.5728643215 0.0
592964.8241206029 0.0
603015.0753768843 0.0
613065.3266331657 0.0
623115.5778894471 0.0
633165.8291457285 0.0
643216.0804020099 0.0
653266.3316582914 0.0
663316.5829145728 0.0
673366.8341708542 0.0
683417.0854271356 0.0
693467.336683417 0.0
703517.5879396984 0.0
713567.8391959798 0.0
723618.0904522612 0.0
733668.3417085425 0.0
743718.592964824 0.0
753768.8442211054 0.0
763819.0954773868 0.0
773869.3467336682 0.0
783919.5979899496 0.0
793969.849246231 0.0
804020.1005025124 0.0
814070.3517587938 0.0
824120.6030150752 0.0
834170.8542713567 0.0
844221.1055276381 0.0
854271.3567839195 0.0
864321.6080402009 0.0
874371.8592964823 0.0
884422.1105527637 0.0
894472.3618090451 0.0
904522.6130653265 0.0
914572.8643216079 0.0
924623.1155778893 0.0
934673.3668341707 0.0
944723.6180904522 0.0
954773.8693467336 0.0
964824.120603015 0.0
974874.3718592963 0.0
984924.6231155777 0.0
994974.8743718592 0.0

-994974.8743718592 0.0
-984924.623115578 0.0
-974874.3718592965 0.0
-964824.1206030152 0.0
-954773.8693467337 0.0
-944723.6180904522 0.0
-934673.3668341709 0.0
-924623.1155778894 0.0
-914572.8643216081 0.0
-904522.6130653266 0.0
-894472.3618090453 0.0
-884422.1105527638 0.0
-874371.8592964825 0.0
-864321.608040201 0.0
-854271.3567839195 0.0
-844221.1055276382 0.0
-834170.8542713567 0.0
-824120.6030150754 0.0
-814070.3517587939 0.0
-804020.1005025127 0.0
-793969.8492462311 0.0
-783919.5979899499 0.0
-773869.3467336684 0.0
-763819.095477387 0.0
-753768.8442211056 0.0
-743718.592964824 0.0
-733668.3417085428 0.0
-723618.0904522613 0.0
-713567.83919598 0.0
-703517.5879396985 0.0
-693467.3366834171 0.0
-683417.0854271357 0.0
-673366.8341708543 0.0
-663316.5829145729 0.0
-653266.3316582914 0.0
-643216.0804020101 0.0
-633165.8291457286 0.0
-623115.5778894473 0.0
-613065.3266331658 0.0
-603015.0753768844 0.0
-592964.824120603 0.0
-582914.5728643216 0.0
-572864.3216080402 0.0
-562814.0703517587 0.0
-552763.8190954775 0.0
-542713.567839196 0.0
-532663.3165829147 0.0
-522613.0653266332 0.0
-512562.8140703518 0.0
-502512.5628140704 0.0
-492462.311557789 0.0
-482412.0603015076 0.0
-472361.8090452262 0.0
-462311.55778894474 0.0
-452261.30653266335 0.0
-442211.05527638196 0.0
-432160.80402010056 0.0
-422110.55276381917 0.0
-412060.3015075378 0.0
-402010.0502512563 0.0
-391959.7989949749 0.0
-381909.5477386935 0.0
-371859.2964824121 0.0
-361809.0452261307 0.0
-351758.7939698493 0.0
-341708.5427135679 0.0
-331658.2914572865 0.0
-321608.0402010051 0.0
-311557.78894472367 0.0
-301507.5376884422 0.0
-291457.2864321608 0.0
-281407.0351758794 0.0
-271356.78391959803 0.0
-261306.53266331664 0.0
-251256.28140703525 0.0
-241206.03015075385 0.0
-231155.77889447246 0.0
-221105.527638191 0.0
-211055.27638190956 0.0
-201005.02512562816 0.0
-190954.77386934677 0.0
-180904.52261306538 0.0
-170854.27135678398 0.0
-160804.0201005026 0.0
-150753.7688442212 0.0
-140703.5175879398 0.0
-130653.26633165835 0.0
-120603.0150753769 0.0
-110552.7638190955 0.0
-100502.51256281411 8.237573268867779e-10
-90452.26130653272 4.11878663443389e-09
-80402.01005025132 1.235635990330167e-08
-70351.75879396993 2.883150644103723e-08
-60301.507537688536 6.837185813160257e-08
-50251.25628140714 2.809012484683913e-07
-40201.00502512575 7.718606152929109e-07
-30150.753768844297 2.273982100870924e-06
-20100.502512562845 5.20779382057821e-06
-10050.251256281452 1.0268958836970573e-05
-5.820766091346741e-11 1.6242435092890042e-05
10050.251256281335 1.9179953720568293e-05
20100.50251256273 1.7277898052786725e-05
30150.753768844123 1.2229501274961104e-05
40201.005025125516 7.358624201079587e-06
50251.25628140691 3.991928006093326e-06
60301.50753768836 2.1001693048978162e-06
70351.75879396976 1.0844765208464556e-06
80402.01005025115 5.753944928304078e-07
90452.26130653254 2.660736165844324e-07
100502.51256281394 1.3880310958042049e-07
110552.76381909545 7.372628075636576e-08
120603.01507537684 3.171465708514132e-08
130653.26633165823 1.276823856674491e-08
140703.51758793963 6.5900586150942994e-09
150753.76884422102 4.118786634433842e-09
160804.0201005024 5.7663012882075124e-09
170854.2713567838 0.0
180904.5226130652 1.2356359903301811e-09
190954.7738693466 0.0
201005.0251256281 0.0
211055.2763819095 4.118786634433937e-10
221105.5276381909 0.0
231155.77889447229 4.118786634433937e-10
241206.03015075368 0.0
251256.28140703507 0.0
261306.53266331647 0.0
271356.78391959786 0.0
281407.03517587925 0.0
291457.28643216076 0.0
301507.53768844216 0.0
311557.78894472355 0.0
321608.04020100494 0.0
331658.29145728634 0.0
341708.54271356773 0.0
351758.7939698491 0.0
361809.0452261305 0.0
371859.2964824119 0.0
381909.5477386934 0.0
391959.7989949748 0.0
402010.0502512562 0.0
412060.3015075376 0.0
422110.552763819 0.0
432160.8040201004 0.0
442211.0552763818 0.0
452261.3065326632 0.0
462311.55778894457 0.0
472361.8090452261 0.0
482412.0603015075 0.0
492462.31155778887 0.0
502512.56281407026 0.0
512562.81407035165 0.0
522613.06532663305 0.0
532663.3165829144 0.0
542713.5678391958 0.0
552763.8190954772 0.0
562814.0703517587 0.0
572864.3216080401 0.0
582914.5728643215 0.0
592964.8241206029 0.0
603015.0753768843 0.0
613065.3266331657 0.0
623115.5778894471 0.0
633165.8291457285 0.0
643216.0804020099 0.0
653266.3316582914 0.0
663316.5829145728 0.0
673366.8341708542 0.0
683417.0854271356 0.0
693467.336683417 0.0
703517.5879396984 0.0
713567.8391959798 0.0
723618.0904522612 0.0
733668.3417085425 0.0
743718.592964824 0.0
753768.8442211054 0.0
763819.0954773868 0.0
773869.3467336682 0.0
783919.5979899496 0.0
793969.849246231 0.0
804020.1005025124 0.0
814070.3517587938 0.0
824120.6030150752 0.0
834170.8542713567 0.0
844221.1055276381 0.0
854271.3567839195 0.0
864321.6080402009 0.0
874371.8592964823 0.0
884422.1105527637 0.0
894472.3618090451 0.0
904522.6130653265 0.0
914572.8643216079 0.0
924623.1155778893 0.0
934673.3668341707 0.0
944723.6180904522 0.0
954773.8693467336 0.0
964824.120603015 0.0
974874.3718592963 0.0
984924.6231155777 0.0
994974.8743718592 0.0

-994974.8743718592 0.0
-984924.623115578 0.0
-974874.3718592965 0.0
-964824.1206030152 0.0
-954773.8693467337 0.0
-944723.6180904522 0.0
-934673.3668341709 0.0
-924623.1155778894 0.0
-914572.8643216081 0.0
-904522.6130653266 0.0
-894472.3618090453 0.0
-884422.1105527638 0.0
-874371.8592964825 0.0
-864321.608040201 0.0
-854271.3567839195 0.0
-844221.1055276382 0.0
-834170.8542713567 0.0
-824120.6030150754 0.0
-814070.3517587939 0.0
-804020.1005025127 0.0
-793969.8492462311 0.0
-783919.5979899499 0.0
-773869.3467336684 0.0
-763819.095477387 0.0
-753768.8442211056 0.0
-743718.592964824 0.0
-733668.3417085428 0.0
-723618.0904522613 0.0
-713567.83919598 0.0
-703517.5879396985 0.0
-693467.3366834171 0.0
-683417.0854271357 0.0
-673366.8341708543 0.0
-663316.5829145729 0.0
-653266.3316582914 0.0
-643216.0804020101 0.0
-633165.8291457286 0.0
-623115.5778894473 0.0
-613065.3266331658 0.0
-603015.0753768844 0.0
-592964.824120603 0.0
-582914.5728643216 0.0
-572864.3216080402 0.0
-562814.0703517587 0.0
-552763.8190954775 0.0
-542713.567839196 0.0
-532663.3165829147 0.0
-522613.0653266332 0.0
-512562.8140703518 0.0
-502512.5628140704 0.0
-492462.311557789 0.0
-482412.0603015076 0.0
-472361.8090452262 0.0
-462311.55778894474 0.0
-452261.30653266335 0.0
-442211.05527638196 0.0
-432160.80402010056 0.0
-422110.55276381917 0.0
-412060.3015075378 0.0
-402010.0502512563 0.0
-391959.7989949749 0.0
-381909.5477386935 0.0
-371859.2964824121 0.0
-361809.0452261307 0.0
-351758.7939698493 0.0
-341708.5427135679 0.0
-331658.2914572865 0.0
-321608.0402010051 0.0
-311557.78894472367 0.0
-301507.5376884422 0.0
-291457.2864321608 0.0
-281407.0351758794 0.0
-271356.78391959803 0.0
-261306.53266331664 0.0
-251256.28140703525 0.0
-241206.03015075385 0.0
-231155.77889447246 0.0
-221105.527638191 0.0
-211055.27638190956 0.0
-201005.02512562816 0.0
-190954.77386934677 0.0
-180904.52261306538 0.0
-170854.27135678398 0.0
-160804.0201005026 0.0
-150753.7688442212 0.0
-140703.5175879398 0.0
-130653.26633165835 0.0
-120603.0150753769 0.0
-110552.7638190955 1.2046442364734813e-09
-100502.51256281411 6.023221182367406e-10
-90452.26130653272 4.818576945893925e-09
-80402.01005025132 5.420899064130666e-09
-70351.75879396993 1.4455730837681777e-08
-60301.507537688536 6.324382241485777e-08
-50251.25628140714 1.9093611148104678e-07
-40201.00502512575 5.896733537537692e-07
-30150.753768844297 1.7154133927382174e-06
-20100.502512562845 4.700521810719523e-06
-10050.251256281452 9.969635701054531e-06
-5.820766091346741e-11 1.6554221097618578e-05
10050.251256281335 2.043678947177261e-05
20100.50251256273 1.84497288037096e-05
30150.753768844123 1.2475898035037609e-05
40201.005025125516 6.921885782776623e-06
50251.25628140691 3.58502124774508e-06
60301.50753768836 1.8105802874196214e-06
70351.75879396976 9.619084228240859e-07
80402.01005025115 5.029389687276725e-07
90452.26130653254 2.493613569500135e-07
100502.51256281394 1.0781565916437532e-07
110552.76381909545 6.44484666513305e-08
120603.01507537684 3.613932709420485e-08
130653.26633165823 2.3490562611232614e-08
140703.51758793963 1.505805295591869e-08
150753.76884422102 1.4455730837681608e-08
160804.0201005024 1.505805295591869e-08
170854.2713567838 8.432509655314272e-09
180904.5226130652 6.023221182367476e-09
190954.7738693466 3.0116105911836682e-09
201005.0251256281 6.023221182367336e-10
211055.2763819095 6.023221182367476e-10
221105.5276381909 6.023221182367336e-10
231155.77889447229 0.0
241206.03015075368 0.0
251256.28140703507 0.0
261306.53266331647 0.0
271356.78391959786 0.0
281407.03517587925 0.0
291457.28643216076 0.0
301507.53768844216 0.0
311557.78894472355 0.0
321608.04020100494 0.0
331658.29145728634 0.0
341708.54271356773 0.0
351758.7939698491 0.0
361809.0452261305 0.0
371859.2964824119 0.0
381909.5477386934 0.0
391959.7989949748 0.0
402010.0502512562 0.0
412060.3015075376 0.0
422110.552763819 0.0
432160.8040201004 0.0
442211.0552763818 0.0
452261.3065326632 0.0
462311.55778894457 0.0
472361.8090452261 0.0
482412.0603015075 0.0
492462.31155778887 0.0
502512.56281407026 0.0
512562.81407035165 0.0
522613.06532663305 0.0
532663.3165829144 0.0
542713.5678391958 0.0
552763.8190954772 0.0
562814.0703517587 0.0
572864.3216080401 0.0
582914.5728643215 0.0
592964.8241206029 0.0
603015.0753768843 0.0
613065.3266331657 0.0
623115.5778894471 0.0
633165.8291457285 0.0
643216.0804020099 0.0
653266.3316582914 0.0
663316.5829145728 0.0
673366.8341708542 0.0
683417.0854271356 0.0
693467.336683417 0.0
703517.5879396984 0.0
713567.8391959798 0.0
723618.0904522612 0.0
733668.3417085425 0.0
743718.592964824 0.0
753768.8442211054 0.0
763819.0954773868 0.0
773869.3467336682 0.0
783919.5979899496 0.0
793969.849246231 0.0
804020.1005025124 0.0
814070.3517587938 0.0
824120.6030150752 0.0
834170.8542713567 0.0
844221.1055276381 0.0
854271.3567839195 0.0
864321.6080402009 0.0
874371.8592964823 0.0
884422.1105527637 0.0
894472.3618090451 0.0
904522.6130653265 0.0
914572.8643216079 0.0
924623.1155778893 0.0
934673.3668341707 0.0
944723.6180904522 0.0
954773.8693467336 0.0
964824.120603015 0.0
974874.3718592963 0.0
984924.6231155777 0.0
994974.8743718592 0.0

-994974.8743718592 0.0
-984924.623115578 0.0
-974874.3718592965 0.0
-964824.1206030152 0.0
-954773.8693467337 0.0
-944723.6180904522 0.0
-934673.3668341709 0.0
-924623.1155778894 0.0
-914572.8643216081 0.0
-904522.6130653266 0.0
-894472.3618090453 0.0
-884422.1105527638 0.0
-874371.8592964825 0.0
-864321.608040201 0.0
-854271.3567839195 0.0
-844221.1055276382 0.0
-834170.8542713567 0.0
-824120.6030150754 0.0
-814070.3517587939 0.0
-804020.1005025127 0.0
-793969.8492462311 0.0
-783919.5979899499 0.0
-773869.3467336684 0.0
-763819.095477387 0.0
-753768.8442211056 0.0
-743718.592964824 0.0
-733668.3417085428 0.0
-723618.0904522613 0.0
-713567.83919598 0.0
-703517.5879396985 0.0
-693467.3366834171 0.0
-683417.0854271357 0.0
-673366.8341708543 0.0
-663316.5829145729 0.0
-653266.3316582914 0.0
-643216.0804020101 0.0
-633165.8291457286 0.0
-623115.5778894473 0.0
-613065.3266331658 0.0
-603015.0753768844 0.0
-592964.824120603 0.0
-582914.5728643216 0.0
-572864.3216080402 0.0
-562814.0703517587 0.0
-552763.8190954775 0.0
-542713.567839196 0.0
-532663.3165829147 0.0
-522613.0653266332 0.0
-512562.8140703518 0.0
-502512.5628140704 0.0
-492462.311557789 0.0
-482412.0603015076 0.0
-472361.8090452262 0.0
-462311.55778894474 0.0
-452261.30653266335 0.0
-442211.05527638196 0.0
-432160.80402010056 0.0
-422110.55276381917 0.0
-412060.3015075378 0.0
-402010.0502512563 0.0
-391959.7989949749 0.0
-381909.5477386935 0.0
-371859.2964824121 0.0
-361809.0452261307 0.0
-351758.7939698493 0.0
-341708.5427135679 0.0
-331658.2914572865 0.0
-321608.0402010051 0.0
-311557.78894472367 0.0
-301507.5376884422 0.0
-291457.2864321608 0.0
-281407.0351758794 0.0
-271356.78391959803 0.0
-261306.53266331664 0.0
-251256.28140703525 0.0
-241206.03015075385 0.0
-231155.77889447246 0.0
-221105.527638191 0.0
-211055.27638190956 0.0
-201005.02512562816 0.0
-190954.77386934677 0.0
-180904.52261306538 0.0
-170854.27135678398 0.0
-160804.0201005026 0.0
-150753.7688442212 0.0
-140703.5175879398 0.0
-130653.26633165835 0.0
-120603.0150753769 0.0
-110552.7638190955 0.0
-100502.51256281411 0.0
-90452.26130653272 5.857834190912416e-10
-80402.01005025132 2.9289170954562086e-09
-70351.75879396993 1.2301451800916077e-08
-60301.507537688536 3.338965488820077e-08
-50251.25628140714 1.23600301428252e-07
-40201.00502512575 5.611805154894096e-07
-30150.753768844297 1.7005292656218552e-06
-20100.502512562845 4.391032509507948e-06
-10050.251256281452 9.837060956799222e-06
-5.820766091346741e-11 1.7282953996867995e-05
10050.251256281335 2.1849721532103315e-05
20100.50251256273 1.9211938795935453e-05
30150.753768844123 1.1908391126705852e-05
40201.005025125516 6.481107748825498e-06
50251.25628140691 3.116367789565406e-06
60301.50753768836 1.463872764308996e-06
70351.75879396976 7.755772468768131e-07
80402.01005025115 3.713866877038429e-07
90452.26130653254 1.7807815940373953e-07
100502.51256281394 7.439449422458683e-08
110552.76381909545 4.7448456946390027e-08
120603.01507537684 2.9289170954562426e-08
130653.26633165823 1.6987719153645814e-08
140703.51758793963 1.4644585477281213e-08
150753.76884422102 5.272050771821114e-09
160804.0201005024 8.200967867277478e-09
170854.2713567838 1.7573502572737048e-09
180904.5226130652 0.0
190954.7738693466 0.0
201005.0251256281 0.0
211055.2763819095 0.0
221105.5276381909 0.0
231155.77889447229 0.0
241206.03015075368 0.0
251256.28140703507 0.0
261306.53266331647 0.0
271356.78391959786 0.0
281407.03517587925 0.0
291457.28643216076 0.0
301507.53768844216 0.0
311557.78894472355 0.0
321608.04020100494 0.0
331658.29145728634 0.0
341708.54271356773 0.0
351758.7939698491 0.0
361809.0452261305 0.0
371859.2964824119 0.0
381909.5477386934 0.0
391959.7989949748 0.0
402010.0502512562 0.0
412060.3015075376 0.0
422110.552763819 0.0
432160.8040201004 0.0
442211.0552763818 0.0
452261.3065326632 0.0
462311.55778894457 0.0
472361.8090452261 0.0
482412.0603015075 0.0
492462.31155778887 0.0
502512.56281407026 0.0
512562.81407035165 0.0
522613.06532663305 0.0
532663.3165829144 0.0
542713.5678391958 0.0
552763.8190954772 0.0
562814.0703517587 0.0
572864.3216080401 0.0
582914.5728643215 0.0
592964.8241206029 0.0
603015.0753768843 0.0
613065.3266331657 0.0
623115.5778894471 0.0
633165.8291457285 0.0
643216.0804020099 0.0
653266.3316582914 0.0
663316.5829145728 0.0
673366.8341708542 0.0
683417.0854271356 0.0
693467.336683417 0.0
703517.5879396984 0.0
713567.8391959798 0.0
723618.0904522612 0.0
733668.3417085425 0.0
743718.592964824 0.0
753768.8442211054 0.0
763819.0954773868 0.0
773869.3467336682 0.0
783919.5979899496 0.0
793969.849246231 0.0
804020.1005025124 0.0
814070.3517587938 0.0
824120.6030150752 0.0
834170.8542713567 0.0
844221.1055276381 0.0
854271.3567839195 0.0
864321.6080402009 0.0
874371.8592964823 0.0
884422.1105527637 0.0
894472.3618090451 0.0
904522.6130653265 0.0
914572.8643216079 0.0
924623.1155778893 0.0
934673.3668341707 0.0
944723.6180904522 0.0
954773.8693467336 0.0
964824.120603015 0.0
974874.3718592963 0.0
984924.6231155777 0.0
994974.8743718592 0.0

-994974.8743718592 0.0
-984924.623115578 0.0
-974874.3718592965 0.0
-964824.1206030152 0.0
-954773.8693467337 0.0
-944723.6180904522 0.0
-934673.3668341709 0.0
-924623.1155778894 0.0
-914572.8643216081 0.0
-904522.6130653266 0.0
-894472.3618090453 0.0
-884422.1105527638 0.0
-874371.8592964825 0.0
-864321.608040201 0.0
-854271.3567839195 0.0
-844221.1055276382 0.0
-834170.8542713567 0.0
-824120.6030150754 0.0
-814070.3517587939 0.0
-804020.1005025127 0.0
-793969.8492462311 0.0
-783919.5979899499 0.0
-773869.3467336684 0.0
-763819.095477387 0.0
-753768.8442211056 0.0
-743718.592964824 0.0
-733668.3417085428 0.0
-723618.0904522613 0.0
-713567.83919598 0.0
-703517.5879396985 0.0
-693467.3366834171 0.0
-683417.0854271357 0.0
-673366.8341708543 0.0
-663316.5829145729 0.0
-653266.3316582914 0.0
-643216.0804020101 0.0
-633165.8291457286 0.0
-623115.5778894473 0.0
-613065.3266331658 0.0
-603015.0753768844 0.0
-592964.824120603 0.0
-582914.5728643216 0.0
-572864.3216080402 0.0
-562814.0703517587 0.0
-552763.8190954775 0.0
-542713.567839196 0.0
-532663.3165829147 0.0
-522613.0653266332 0.0
-512562.8140703518 0.0
-502512.5628140704 0.0
-492462.311557789 0.0
-482412.0603015076 0.0
-472361.8090452262 0.0
-462311.55778894474 0.0
-452261.30653266335 0.0
-442211.05527638196 0.0
-432160.80402010056 0.0
-422110.55276381917 0.0
-412060.3015075378 0.0
-402010.0502512563 0.0
-391959.7989949749 0.0
-381909.5477386935 0.0
-371859.2964824121 0.0
-361809.0452261307 0.0
-351758.7939698493 0.0
-341708.5427135679 0.0
-331658.2914572865 0.0
-321608.0402010051 0.0
-311557.78894472367 0.0
-301507.5376884422 0.0
-291457.2864321608 0.0
-281407.0351758794 0.0
-271356.78391959803 0.0
-261306.53266331664 0.0
-251256.28140703525 0.0
-241206.03015075385 0.0
-231155.77889447246 0.0
-221105.527638191 0.0
-211055.27638190956 0.0
-201005.02512562816 0.0
-190954.77386934677 0.0
-180904.52261306538 0.0
-170854.27135678398 0.0
-160804.0201005026 0.0
-150753.7688442212 0.0
-140703.5175879398 0.0
-130653.26633165835 0.0
-120603.0150753769 0.0
-110552.7638190955 0.0
-100502.51256281411 0.0
-90452.26130653272 0.0
-80402.01005025132 1.0352322301607381e-09
-70351.75879396993 3.830359251594731e-09
-60301.507537688536 1.1284031308752046e-08
-50251.25628140714 4.0581103422300936e-08
-40201.00502512575 2.1253317685199954e-07
-30150.753768844297 1.0711547885473033e-06
-20100.502512562845 4.050139054057856e-06
-10050.251256281452 1.234286683376045e-05
-5.820766091346741e-11 2.435394173775438e-05
10050.251256281335 2.569156530234507e-05
20100.50251256273 1.715566147177772e-05
30150.753768844123 8.323681223384399e-06
40201.005025125516 3.5676173115799352e-06
50251.25628140691 1.4945647706830577e-06
60301.50753768836 6.176195485138893e-07
70351.75879396976 2.7557881966879163e-07
80402.01005025115 1.3468371314391046e-07
90452.26130653254 7.764241726205626e-08
100502.51256281394 3.6440174501657556e-08
110552.76381909545 1.7288378243684127e-08
120603.01507537684 1.0041752632559277e-08
130653.26633165823 5.279684373819703e-09
140703.51758793963 2.795127021434025e-09
150753.76884422102 1.3458018992089438e-09
160804.0201005024 6.2113933809645e-10
170854.2713567838 0.0
180904.5226130652 2.0704644603215e-10
190954.7738693466 0.0
201005.0251256281 0.0
211055.2763819095 0.0
221105.5276381909 0.0
231155.77889447229 0.0
241206.03015075368 0.0
251256.28140703507 0.0
261306.53266331647 0.0
271356.78391959786 0.0
281407.03517587925 0.0
291457.28643216076 0.0
301507.53768844216 0.0
311557.78894472355 0.0
321608.04020100494 0.0
331658.29145728634 0.0
341708.54271356773 0.0
351758.7939698491 0.0
361809.0452261305 0.0
371859.2964824119 0.0
381909.5477386934 0.0
391959.7989949748 0.0
402010.0502512562 0.0
412060.3015075376 0.0
422110.552763819 0.0
432160.8040201004 0.0
442211.0552763818 0.0
452261.3065326632 0.0
462311.55778894457 0.0
472361.8090452261 0.0
482412.0603015075 0.0
492462.31155778887 0.0
502512.56281407026 0.0
512562.81407035165 0.0
522613.06532663305 0.0
532663.3165829144 0.0
542713.5678391958 0.0
552763.8190954772 0.0
562814.0703517587 0.0
572864.3216080401 0.0
582914.5728643215 0.0
592964.8241206029 0.0
603015.0753768843 0.0
613065.3266331657 0.0
623115.5778894471 0.0
633165.8291457285 0.0
643216.0804020099 0.0
653266.3316582914 0.0
663316.5829145728 0.0
673366.8341708542 0.0
683417.0854271356 0.0
693467.336683417 0.0
703517.5879396984 0.0
713567.8391959798 0.0
723618.0904522612 0.0
733668.3417085425 0.0
743718.592964824 0.0
753768.8442211054 0.0
763819.0954773868 0.0
773869.3467336682 0.0
783919.5979899496 0.0
793969.849246231 0.0
804020.1005025124 0.0
814070.3517587938 0.0
824120.6030150752 0.0
834170.8542713567 0.0
844221.1055276381 0.0
854271.3567839195 0.0
864321.6080402009 0.0
874371.8592964823 0.0
884422.1105527637 0.0
894472.3618090451 0.0
904522.6130653265 0.0
914572.8643216079 0.0
924623.1155778893 0.0
934673.3668341707 0.0
944723.6180904522 0.0
954773.8693467336 0.0
964824.120603015 0.0
974874.3718592963 0.0
984924.6231155777 0.0
994974.8743718592 0.0

