0.000000e+00 2.801145e+05 
2.921868e-03 2.410675e+03 
5.843736e-03 1.780993e+03 
8.765605e-03 1.424712e+03 
1.168747e-02 1.280835e+03 
1.460934e-02 8.817213e+02 
1.753121e-02 6.769753e+02 
2.045308e-02 5.298515e+02 
2.337495e-02 4.470449e+02 
2.629681e-02 3.553396e+02 
2.921868e-02 3.075343e+02 
3.214055e-02 2.671944e+02 
3.506242e-02 2.345577e+02 
3.798429e-02 2.114196e+02 
4.090615e-02 1.864695e+02 
4.382802e-02 1.738549e+02 
4.674989e-02 1.524548e+02 
4.967176e-02 1.406737e+02 
5.259363e-02 1.266279e+02 
5.551550e-02 1.166452e+02 
5.843736e-02 1.105251e+02 
6.135923e-02 1.046109e+02 
6.428110e-02 9.335942e+01 
6.720297e-02 8.843939e+01 
7.012484e-02 8.222402e+01 
7.304670e-02 7.768180e+01 
7.596857e-02 7.419390e+01 
7.889044e-02 6.975157e+01 
8.181231e-02 6.529324e+01 
8.473418e-02 6.062362e+01 
8.765605e-02 6.023852e+01 
9.057791e-02 5.477037e+01 
9.349978e-02 5.141169e+01 
9.642165e-02 4.770456e+01 
9.934352e-02 4.652753e+01 
1.022654e-01 4.485681e+01 
1.051873e-01 4.146079e+01 
1.081091e-01 3.941717e+01 
1.110310e-01 3.854462e+01 
1.139529e-01 3.645055e+01 
1.168747e-01 3.486982e+01 
1.197966e-01 3.322243e+01 
1.227185e-01 3.103228e+01 
1.256403e-01 2.962016e+01 
1.285622e-01 2.841982e+01 
1.314841e-01 2.698912e+01 
1.344059e-01 2.615981e+01 
1.373278e-01 2.547813e+01 
1.402497e-01 2.383453e+01 
1.431715e-01 2.280434e+01 
1.460934e-01 2.206285e+01 
1.490153e-01 2.100143e+01 
1.519371e-01 2.004143e+01 
1.548590e-01 1.958867e+01 
1.577809e-01 1.844756e+01 
1.607027e-01 1.801323e+01 
1.636246e-01 1.704908e+01 
1.665465e-01 1.662717e+01 
1.694684e-01 1.607782e+01 
1.723902e-01 1.534405e+01 
1.753121e-01 1.483953e+01 
1.782340e-01 1.435102e+01 
1.811558e-01 1.342959e+01 
1.840777e-01 1.302583e+01 
1.869996e-01 1.249397e+01 
1.899214e-01 1.225968e+01 
1.928433e-01 1.181410e+01 
1.957652e-01 1.115066e+01 
1.986870e-01 1.082610e+01 
2.016089e-01 1.029336e+01 
2.045308e-01 1.000863e+01 
2.074526e-01 9.670756e+00 
2.103745e-01 9.561445e+00 
2.132964e-01 9.019871e+00 
2.162182e-01 8.879666e+00 
2.191401e-01 8.407402e+00 
2.220620e-01 8.074139e+00 
2.249838e-01 7.818788e+00 
2.279057e-01 7.619647e+00 
2.308276e-01 7.367087e+00 
2.337495e-01 6.910007e+00 
2.366713e-01 6.904134e+00 
2.395932e-01 6.521995e+00 
2.425151e-01 6.422388e+00 
2.454369e-01 6.181922e+00 
2.483588e-01 5.942379e+00 
2.512807e-01 5.723822e+00 
2.542025e-01 5.521183e+00 
2.571244e-01 5.366566e+00 
2.600463e-01 5.202437e+00 
2.629681e-01 4.976512e+00 
2.658900e-01 4.873924e+00 
2.688119e-01 4.621795e+00 
2.717337e-01 4.542150e+00 
2.746556e-01 4.370075e+00 
2.775775e-01 4.250472e+00 
2.804993e-01 4.065542e+00 
2.834212e-01 3.993614e+00 
2.863431e-01 3.865616e+00 
2.892649e-01 3.742935e+00 
2.921868e-01 3.615045e+00 
2.951087e-01 3.482684e+00 
2.980306e-01 3.365753e+00 
3.009524e-01 3.254442e+00 
3.038743e-01 3.097178e+00 
3.067962e-01 3.077198e+00 
3.097180e-01 2.927518e+00 
3.126399e-01 2.900937e+00 
3.155618e-01 2.841799e+00 
3.184836e-01 2.652612e+00 
3.214055e-01 2.612377e+00 
3.243274e-01 2.608283e+00 
3.272492e-01 2.447992e+00 
3.301711e-01 2.372558e+00 
3.330930e-01 2.322449e+00 
3.360148e-01 2.208861e+00 
3.389367e-01 2.121992e+00 
3.418586e-01 2.110946e+00 
3.447804e-01 2.031799e+00 
3.477023e-01 1.982466e+00 
3.506242e-01 1.913020e+00 
3.535460e-01 1.853442e+00 
3.564679e-01 1.832031e+00 
3.593898e-01 1.747767e+00 
3.623117e-01 1.712767e+00 
3.652335e-01 1.638084e+00 
3.681554e-01 1.585958e+00 
3.710773e-01 1.568424e+00 
3.739991e-01 1.500924e+00 
3.769210e-01 1.441553e+00 
3.798429e-01 1.424519e+00 
3.827647e-01 1.355281e+00 
3.856866e-01 1.321215e+00 
3.886085e-01 1.311139e+00 
3.915303e-01 1.262014e+00 
3.944522e-01 1.222814e+00 
3.973741e-01 1.177169e+00 
4.002959e-01 1.152903e+00 
4.032178e-01 1.106539e+00 
4.061397e-01 1.072519e+00 
4.090615e-01 1.050747e+00 
4.119834e-01 1.017845e+00 
4.149053e-01 9.775527e-01 
4.178271e-01 9.411327e-01 
4.207490e-01 9.287981e-01 
4.236709e-01 9.092878e-01 
4.265928e-01 8.836264e-01 
4.295146e-01 8.472778e-01 
4.324365e-01 8.354877e-01 
4.353584e-01 7.971987e-01 
4.382802e-01 7.762864e-01 
4.412021e-01 7.445057e-01 
4.441240e-01 7.420613e-01 
4.470458e-01 7.213945e-01 
4.499677e-01 6.948770e-01 
4.528896e-01 6.723257e-01 
4.558114e-01 6.596159e-01 
4.587333e-01 6.381383e-01 
4.616552e-01 6.164936e-01 
4.645770e-01 5.950144e-01 
4.674989e-01 5.806608e-01 
4.704208e-01 5.660350e-01 
4.733426e-01 5.471693e-01 
4.762645e-01 5.396336e-01 
4.791864e-01 5.110597e-01 
4.821082e-01 5.016160e-01 
4.850301e-01 4.891947e-01 
4.879520e-01 4.717949e-01 
4.908739e-01 4.703404e-01 
4.937957e-01 4.460353e-01 
4.967176e-01 4.349275e-01 
4.996395e-01 4.285899e-01 
5.025613e-01 4.159377e-01 
5.054832e-01 3.975243e-01 
5.084051e-01 3.864873e-01 
5.113269e-01 3.723412e-01 
5.142488e-01 3.646840e-01 
5.171707e-01 3.584582e-01 
5.200925e-01 3.442518e-01 
5.230144e-01 3.390125e-01 
5.259363e-01 3.300904e-01 
5.288581e-01 3.128809e-01 
5.317800e-01 3.116084e-01 
5.347019e-01 2.984699e-01 
5.376237e-01 2.902261e-01 
5.405456e-01 2.839013e-01 
5.434675e-01 2.734678e-01 
5.463893e-01 2.702135e-01 
5.493112e-01 2.593928e-01 
5.522331e-01 2.557121e-01 
5.551550e-01 2.464881e-01 
5.580768e-01 2.382938e-01 
5.609987e-01 2.341414e-01 
5.639206e-01 2.249422e-01 
5.668424e-01 2.194116e-01 
5.697643e-01 2.127261e-01 
5.726862e-01 2.065122e-01 
5.756080e-01 2.008638e-01 
5.785299e-01 1.969411e-01 
5.814518e-01 1.929480e-01 
5.843736e-01 1.851878e-01 
5.872955e-01 1.824901e-01 
5.902174e-01 1.771711e-01 
5.931392e-01 1.710315e-01 
5.960611e-01 1.665754e-01 
5.989830e-01 1.658645e-01 
6.019048e-01 1.579165e-01 
6.048267e-01 1.540551e-01 
6.077486e-01 1.511555e-01 
6.106704e-01 1.457837e-01 
6.135923e-01 1.407225e-01 
6.165142e-01 1.388606e-01 
6.194361e-01 1.355983e-01 
6.223579e-01 1.295831e-01 
6.252798e-01 1.258956e-01 
6.282017e-01 1.238828e-01 
6.311235e-01 1.192304e-01 
6.340454e-01 1.168187e-01 
6.369673e-01 1.141206e-01 
6.398891e-01 1.102494e-01 
6.428110e-01 1.079451e-01 
6.457329e-01 1.048253e-01 
6.486547e-01 1.008612e-01 
6.515766e-01 9.864346e-02 
6.544985e-01 9.580573e-02 
6.574203e-01 9.159354e-02 
6.603422e-01 9.038482e-02 
6.632641e-01 8.785751e-02 
6.661859e-01 8.812363e-02 
6.691078e-01 8.283898e-02 
6.720297e-01 8.063144e-02 
6.749515e-01 7.923823e-02 
6.778734e-01 7.715524e-02 
6.807953e-01 7.525988e-02 
6.837172e-01 7.403385e-02 
6.866390e-01 7.194690e-02 
6.895609e-01 6.972493e-02 
6.924828e-01 6.697422e-02 
6.954046e-01 6.624046e-02 
6.983265e-01 6.396793e-02 
7.012484e-01 6.146152e-02 
7.041702e-01 6.073861e-02 
7.070921e-01 5.909959e-02 
7.100140e-01 5.705945e-02 
7.129358e-01 5.546788e-02 
7.158577e-01 5.454642e-02 
7.187796e-01 5.337744e-02 
7.217014e-01 5.162308e-02 
7.246233e-01 5.047896e-02 
7.275452e-01 4.924863e-02 
7.304670e-01 4.660171e-02 
7.333889e-01 4.675671e-02 
7.363108e-01 4.511165e-02 
7.392326e-01 4.372018e-02 
7.421545e-01 4.278586e-02 
7.450764e-01 4.127070e-02 
7.479983e-01 4.034144e-02 
7.509201e-01 3.940697e-02 
7.538420e-01 3.834263e-02 
7.567639e-01 3.687979e-02 
7.596857e-01 3.597428e-02 
7.626076e-01 3.530029e-02 
7.655295e-01 3.436558e-02 
7.684513e-01 3.356942e-02 
7.713732e-01 3.211903e-02 
7.742951e-01 3.204561e-02 
7.772169e-01 3.110064e-02 
7.801388e-01 2.981676e-02 
7.830607e-01 2.905657e-02 
7.859825e-01 2.856371e-02 
7.889044e-01 2.736752e-02 
7.918263e-01 2.710161e-02 
7.947481e-01 2.594910e-02 
7.976700e-01 2.553264e-02 
8.005919e-01 2.487546e-02 
8.035137e-01 2.416116e-02 
8.064356e-01 2.362200e-02 
8.093575e-01 2.301244e-02 
8.122794e-01 2.242926e-02 
8.152012e-01 2.181514e-02 
8.181231e-01 2.153788e-02 
8.210450e-01 2.104277e-02 
8.239668e-01 2.016995e-02 
8.268887e-01 1.966143e-02 
8.298106e-01 1.896269e-02 
8.327324e-01 1.847246e-02 
8.356543e-01 1.812417e-02 
8.385762e-01 1.743183e-02 
8.414980e-01 1.714242e-02 
8.444199e-01 1.678542e-02 
8.473418e-01 1.641582e-02 
8.502636e-01 1.573566e-02 
8.531855e-01 1.555357e-02 
8.561074e-01 1.521768e-02 
8.590292e-01 1.463497e-02 
8.619511e-01 1.449775e-02 
8.648730e-01 1.390551e-02 
8.677948e-01 1.360981e-02 
8.707167e-01 1.325045e-02 
8.736386e-01 1.301033e-02 
8.765605e-01 1.262389e-02 
8.794823e-01 1.228182e-02 
8.824042e-01 1.190073e-02 
8.853261e-01 1.169181e-02 
8.882479e-01 1.131349e-02 
8.911698e-01 1.107051e-02 
8.940917e-01 1.074346e-02 
8.970135e-01 1.042696e-02 
8.999354e-01 1.029031e-02 
9.028573e-01 9.824277e-03 
9.057791e-01 9.697399e-03 
9.087010e-01 9.381915e-03 
9.116229e-01 9.338599e-03 
9.145447e-01 8.996335e-03 
9.174666e-01 8.837241e-03 
9.203885e-01 8.624106e-03 
9.233103e-01 8.344983e-03 
9.262322e-01 8.069678e-03 
9.291541e-01 7.855131e-03 
9.320759e-01 7.650906e-03 
9.349978e-01 7.551580e-03 
9.379197e-01 7.314421e-03 
9.408415e-01 7.176507e-03 
9.437634e-01 6.997108e-03 
9.466853e-01 6.815891e-03 
9.496072e-01 6.602393e-03 
9.525290e-01 6.455192e-03 
9.554509e-01 6.213948e-03 
9.583728e-01 6.082445e-03 
9.612946e-01 6.052359e-03 
9.642165e-01 5.852630e-03 
9.671384e-01 5.640494e-03 
9.700602e-01 5.630885e-03 
9.729821e-01 5.438826e-03 
9.759040e-01 5.179664e-03 
9.788258e-01 5.134911e-03 
9.817477e-01 4.984298e-03 
9.846696e-01 4.868655e-03 
9.875914e-01 4.747122e-03 
9.905133e-01 4.657320e-03 
9.934352e-01 4.532245e-03 
9.963570e-01 4.392358e-03 
9.992789e-01 4.294791e-03 
1.002201e+00 4.194273e-03 
1.005123e+00 4.070660e-03 
1.008045e+00 3.979680e-03 
1.010966e+00 3.849499e-03 
1.013888e+00 3.820087e-03 
1.016810e+00 3.700325e-03 
1.019732e+00 3.594817e-03 
1.022654e+00 3.509977e-03 
1.025576e+00 3.414224e-03 
1.028498e+00 3.355607e-03 
1.031419e+00 3.280412e-03 
1.034341e+00 3.215012e-03 
1.037263e+00 3.096507e-03 
1.040185e+00 3.011951e-03 
1.043107e+00 2.955792e-03 
1.046029e+00 2.885918e-03 
1.048951e+00 2.795423e-03 
1.051873e+00 2.727637e-03 
1.054794e+00 2.658071e-03 
1.057716e+00 2.620583e-03 
1.060638e+00 2.548096e-03 
1.063560e+00 2.498075e-03 
1.066482e+00 2.418225e-03 
1.069404e+00 2.361770e-03 
1.072326e+00 2.295668e-03 
1.075247e+00 2.229728e-03 
1.078169e+00 2.218205e-03 
1.081091e+00 2.132447e-03 
1.084013e+00 2.104892e-03 
1.086935e+00 2.032539e-03 
1.089857e+00 2.012535e-03 
1.092779e+00 1.939848e-03 
1.095701e+00 1.892532e-03 
1.098622e+00 1.871404e-03 
1.101544e+00 1.804164e-03 
1.104466e+00 1.753722e-03 
1.107388e+00 1.703236e-03 
1.110310e+00 1.663451e-03 
1.113232e+00 1.632166e-03 
1.116154e+00 1.602819e-03 
1.119076e+00 1.549873e-03 
1.121997e+00 1.532122e-03 
1.124919e+00 1.478758e-03 
1.127841e+00 1.430459e-03 
1.130763e+00 1.418283e-03 
1.133685e+00 1.385686e-03 
1.136607e+00 1.355657e-03 
1.139529e+00 1.299160e-03 
1.142450e+00 1.288189e-03 
1.145372e+00 1.235885e-03 
1.148294e+00 1.228527e-03 
1.151216e+00 1.194558e-03 
1.154138e+00 1.162335e-03 
1.157060e+00 1.140717e-03 
1.159982e+00 1.104831e-03 
1.162904e+00 1.092695e-03 
1.165825e+00 1.059552e-03 
1.168747e+00 1.033758e-03 
1.171669e+00 1.016450e-03 
1.174591e+00 9.856700e-04 
1.177513e+00 9.630731e-04 
1.180435e+00 9.497100e-04 
1.183357e+00 9.124505e-04 
1.186278e+00 8.919210e-04 
1.189200e+00 8.757405e-04 
1.192122e+00 8.634003e-04 
1.195044e+00 8.365879e-04 
1.197966e+00 8.166897e-04 
1.200888e+00 8.003489e-04 
1.203810e+00 7.829629e-04 
1.206732e+00 7.667677e-04 
1.209653e+00 7.459465e-04 
1.212575e+00 7.313313e-04 
1.215497e+00 7.084541e-04 
1.218419e+00 7.032762e-04 
1.221341e+00 6.834823e-04 
1.224263e+00 6.611432e-04 
1.227185e+00 6.509595e-04 
1.230106e+00 6.406631e-04 
1.233028e+00 6.257636e-04 
1.235950e+00 6.088178e-04 
1.238872e+00 5.902873e-04 
1.241794e+00 5.808508e-04 
1.244716e+00 5.660044e-04 
1.247638e+00 5.595794e-04 
1.250560e+00 5.419771e-04 
1.253481e+00 5.264966e-04 
1.256403e+00 5.243758e-04 
1.259325e+00 5.125720e-04 
1.262247e+00 4.987872e-04 
1.265169e+00 4.946954e-04 
1.268091e+00 4.819038e-04 
1.271013e+00 4.711880e-04 
1.273935e+00 4.592341e-04 
1.276856e+00 4.533062e-04 
1.279778e+00 4.389022e-04 
1.282700e+00 4.310525e-04 
1.285622e+00 4.161088e-04 
1.288544e+00 4.146902e-04 
1.291466e+00 4.022038e-04 
1.294388e+00 3.993271e-04 
1.297309e+00 3.890784e-04 
1.300231e+00 3.800610e-04 
1.303153e+00 3.763998e-04 
1.306075e+00 3.685696e-04 
1.308997e+00 3.593413e-04 
1.311919e+00 3.531702e-04 
1.314841e+00 3.456900e-04 
1.317763e+00 3.353130e-04 
1.320684e+00 3.319564e-04 
1.323606e+00 3.242602e-04 
1.326528e+00 3.199352e-04 
1.329450e+00 3.135035e-04 
1.332372e+00 3.095734e-04 
1.335294e+00 3.009584e-04 
1.338216e+00 2.942815e-04 
1.341137e+00 2.936177e-04 
1.344059e+00 2.853091e-04 
1.346981e+00 2.833739e-04 
1.349903e+00 2.739325e-04 
1.352825e+00 2.707482e-04 
1.355747e+00 2.653008e-04 
1.358669e+00 2.603459e-04 
1.361591e+00 2.543225e-04 
1.364512e+00 2.581204e-04 
1.367434e+00 2.513505e-04 
1.370356e+00 2.456325e-04 
1.373278e+00 2.417600e-04 
1.376200e+00 2.378309e-04 
1.379122e+00 2.312326e-04 
1.382044e+00 2.301472e-04 
1.384966e+00 2.256968e-04 
1.387887e+00 2.251442e-04 
1.390809e+00 2.180235e-04 
1.393731e+00 2.153520e-04 
1.396653e+00 2.140802e-04 
1.399575e+00 2.128858e-04 
1.402497e+00 2.086260e-04 
1.405419e+00 2.039976e-04 
1.408340e+00 2.043605e-04 
1.411262e+00 2.014214e-04 
1.414184e+00 2.008313e-04 
1.417106e+00 1.954546e-04 
1.420028e+00 1.936432e-04 
1.422950e+00 1.910330e-04 
1.425872e+00 1.897295e-04 
1.428794e+00 1.870169e-04 
1.431715e+00 1.875168e-04 
1.434637e+00 1.854060e-04 
1.437559e+00 1.840965e-04 
1.440481e+00 1.810587e-04 
1.443403e+00 1.800334e-04 
1.446325e+00 1.770363e-04 
1.449247e+00 1.765404e-04 
1.452168e+00 1.751500e-04 
1.455090e+00 1.753838e-04 
1.458012e+00 1.739858e-04 
1.460934e+00 1.725783e-04 
1.463856e+00 1.715699e-04 
1.466778e+00 1.705908e-04 
1.469700e+00 1.688090e-04 
1.472622e+00 1.694697e-04 
1.475543e+00 1.691522e-04 
1.478465e+00 1.696696e-04 
1.481387e+00 1.693160e-04 
1.484309e+00 1.666654e-04 
1.487231e+00 1.680303e-04 
1.490153e+00 1.668245e-04 
1.493075e+00 1.670790e-04 
